Date;IR;IY;IB;I_AVG;V_BR;V_RY;V_YB;VLN_AVG;LL_AVG;kWhr;
10-07-2026 12:18:50;0;0;0;0;402.45;404.92;405.74;233.48;404.37;17216.95;;
10-07-2026 12:18:51;0;0;0;0;402.45;404.92;405.74;233.48;404.37;17216.95;;
10-07-2026 12:18:51;0;0;0;0;402.45;404.92;405.74;233.48;404.37;17216.95;;
10-07-2026 12:18:52;0;0;0;0;402.45;404.92;405.74;233.48;404.37;17216.95;;
10-07-2026 12:18:52;0;0;0;0;402.45;404.92;405.74;233.48;404.37;17216.95;;
10-07-2026 12:18:52;0;0;0;0;402.45;404.92;405.74;233.48;404.37;17216.95;;
10-07-2026 12:18:52;0;0;0;0;402.45;404.92;405.74;233.48;404.37;17216.95;;
10-07-2026 12:18:52;0;0;0;0;402.45;404.92;405.74;233.48;404.37;17216.95;;
10-07-2026 12:18:52;0;0;0;0;402.45;404.92;405.74;233.48;404.37;17216.95;;
10-07-2026 12:18:53;0;0;0;0;402.45;404.92;405.74;233.48;404.37;17216.95;;
10-07-2026 12:18:53;0;0;0;0;402.45;404.92;405.74;233.48;404.37;17216.95;;
10-07-2026 12:18:53;0;0;0;0;402.45;404.92;405.74;233.48;404.37;17216.95;;
10-07-2026 12:20:00;0;0;0;0;400.87;403.3;404.71;232.67;402.96;17216.95;;
10-07-2026 12:25:00;0;0;0;0;403.79;406.54;407.21;234.33;405.84;17216.95;;
10-07-2026 12:30:00;0;0;0;0;402.46;404.79;405.94;233.49;404.4;17216.95;;
10-07-2026 12:35:00;0;0;0;0;402.23;405.03;405.68;233.45;404.31;17216.95;;
10-07-2026 12:40:00;0;0;0;0;403.73;406.31;406.86;234.2;405.63;17216.95;;
10-07-2026 12:45:00;0;0;0;0;406.31;408.23;409.58;235.59;408.04;17216.95;;
10-07-2026 12:50:00;0;0;0;0;410.32;411.38;412.51;237.53;411.4;17216.95;;
10-07-2026 12:55:00;0;0;0;0;404.11;405.38;406.25;233.98;405.25;17216.95;;
10-07-2026 13:00:00;0;0;0;0;406.08;408.77;408.74;235.5;407.87;17216.95;;
10-07-2026 13:05:00;0;0;0;0;402.04;405.01;405.5;233.37;404.18;17216.95;;
10-07-2026 13:10:00;0;0;0;0;409.17;410.87;411.62;237.04;410.55;17216.95;;
10-07-2026 13:15:00;0;0;0;0;401.21;404.53;405.54;233.13;403.76;17216.95;;
10-07-2026 13:20:00;0;0;0;0;404.6;407.32;407.47;234.68;406.46;17216.95;;
10-07-2026 13:25:00;0;0;0;0;402.97;405.73;406.5;233.88;405.07;17216.95;;
10-07-2026 13:30:00;0;0;0;0;407.08;409.7;409.92;236.09;408.9;17216.95;;
10-07-2026 13:35:00;0;0;0;0;402.36;404.74;405.28;233.33;404.13;17216.95;;
10-07-2026 13:40:00;0;0;0;0;404.25;406.07;406.84;234.25;405.72;17216.95;;
10-07-2026 13:45:00;0;0;0;0;400.22;401.97;401.94;231.74;401.38;17216.95;;
10-07-2026 13:50:00;0;0;0;0;399.01;401.91;401.66;231.44;400.86;17216.95;;
10-07-2026 13:55:00;0;0;0;0;410.26;412.3;412.3;237.66;411.62;17216.95;;
10-07-2026 14:00:00;0;0;0;0;413.82;416.12;416.32;239.85;415.42;17216.95;;
10-07-2026 14:05:00;0;0;0;0;404.94;406.76;407.71;234.69;406.47;17216.95;;
10-07-2026 14:10:00;0;0;0;0;405.64;407.25;408.34;235.04;407.08;17216.95;;
10-07-2026 14:15:00;0;0;0;0;405.33;406.42;408.03;234.76;406.59;17216.95;;
10-07-2026 14:20:00;0;0;0;0;406.64;408.46;409.24;235.64;408.11;17216.95;;
10-07-2026 14:25:00;0;0;0;0;409.94;410.65;412.58;237.33;411.06;17216.95;;
10-07-2026 14:30:00;0;0;0;0;414.16;415.53;416.38;239.81;415.36;17216.95;;
10-07-2026 14:35:00;0;0;0;0;420.27;421.14;421.61;243.07;421.01;17216.95;;
10-07-2026 14:40:00;0;0;0;0;408.7;410.33;410.62;236.65;409.88;17216.95;;
10-07-2026 14:45:00;0;0;0;0;399.98;400.66;401.65;231.39;400.76;17216.95;;
10-07-2026 14:50:00;0;0;0;0;396.17;398.2;399.8;229.83;398.06;17216.95;;
10-07-2026 14:55:00;0;0;0;0;405.03;406.48;407.3;234.57;406.27;17216.95;;
10-07-2026 15:00:00;0;0;0;0;403.01;405.14;406.51;233.78;404.89;17216.95;;
10-07-2026 15:05:00;0;0;0;0;407.13;408.86;410.4;236.03;408.8;17216.95;;
10-07-2026 15:10:00;0;0;0;0;406.39;407.61;409.97;235.57;407.99;17216.95;;
10-07-2026 15:15:00;0;0;0;0;410.38;412.35;412.61;237.75;411.78;17216.95;;
10-07-2026 15:20:00;0;0;0;0;405.74;408.01;409.99;235.53;407.91;17216.95;;
10-07-2026 15:25:00;0;0;0;0;411.58;412.91;413.52;238.26;412.67;17216.95;;
10-07-2026 15:30:00;0;0;0;0;412.13;414.33;414.85;238.9;413.77;17216.95;;
10-07-2026 15:35:00;0;0;0;0;410.82;411.83;412.16;237.64;411.61;17216.95;;
10-07-2026 15:40:00;0;0;0;0;413.6;415.94;416.71;239.85;415.42;17216.95;;
10-07-2026 15:45:00;0;0;0;0;412.27;414.47;414.77;238.93;413.83;17216.95;;
10-07-2026 15:50:00;0;0;0;0;415.56;415.91;416.23;240.12;415.9;17216.95;;
10-07-2026 15:55:00;0;0;0;0;404.04;405.5;407.03;234.14;405.52;17216.95;;
10-07-2026 16:00:00;0;0;0;0;400.97;403.73;403.95;232.62;402.88;17216.95;;
10-07-2026 16:05:00;0;0;0;0;398.81;400.22;403.41;231.43;400.81;17216.95;;
10-07-2026 16:10:00;0;0;0;0;399.31;401.49;403.19;231.73;401.33;17216.95;;
10-07-2026 16:10:36;0;0;0;0;400.59;402.97;404.59;232.52;402.72;17216.95;;
10-07-2026 16:10:36;0;0;0;0;400.59;402.97;404.59;232.52;402.72;17216.95;;
10-07-2026 16:10:36;0;0;0;0;400.59;402.97;404.59;232.52;402.72;17216.95;;
10-07-2026 16:10:36;0;0;0;0;400.59;402.97;404.59;232.52;402.72;17216.95;;
10-07-2026 16:10:36;0;0;0;0;400.59;402.97;404.59;232.52;402.72;17216.95;;
10-07-2026 16:10:37;0;0;0;0;400.59;402.97;404.59;232.52;402.72;17216.95;;
10-07-2026 16:10:37;0;0;0;0;400.59;402.97;404.59;232.52;402.72;17216.95;;
10-07-2026 16:10:37;0;0;0;0;400.59;402.97;404.59;232.52;402.72;17216.95;;
10-07-2026 16:10:37;0;0;0;0;400.59;402.97;404.59;232.52;402.72;17216.95;;
10-07-2026 16:15:00;0;0;0;0;399.3;401.32;402.51;231.56;401.04;17216.95;;
10-07-2026 16:20:00;0;0;0;0;397.31;399.92;400.91;230.6;399.38;17216.95;;
10-07-2026 16:25:00;0;0;0;0;397.42;399.73;401.37;230.68;399.51;17216.95;;
10-07-2026 16:30:00;0;0;0;0;398.55;400.84;402.02;231.23;400.47;17216.95;;
10-07-2026 16:35:00;0;0;0;0;396.75;399.43;400.63;230.34;398.94;17216.95;;
10-07-2026 16:40:00;0;0;0;0;397.09;398.95;399.23;230.04;398.42;17216.95;;
10-07-2026 16:45:00;0;0;0;0;397.87;400.41;401.26;230.87;399.85;17216.95;;
10-07-2026 16:50:00;0;0;0;0;397.92;400.03;401.17;230.79;399.71;17216.95;;
10-07-2026 16:55:00;0;0;0;0;398.96;400.56;401.94;231.23;400.49;17216.95;;
10-07-2026 17:00:00;0;0;0;0;400.28;401.03;402.61;231.71;401.31;17216.95;;
10-07-2026 17:05:00;0;0;0;0;395.58;399.22;400.21;230;398.33;17216.95;;
10-07-2026 17:10:00;0;0;0;0;397.53;399.23;400.87;230.51;399.21;17216.95;;
10-07-2026 17:20:00;0;0;0;0;399.07;401.34;401.71;231.37;400.71;17216.95;;
10-07-2026 17:25:00;0;0;0;0;396.43;398.5;399.28;229.84;398.07;17216.95;;
10-07-2026 17:30:00;0;0;0;0;399.94;402.74;403.79;232.21;402.16;17216.95;;
10-07-2026 17:35:00;0;0;0;0;405.62;406.77;407.93;234.87;406.78;17216.95;;
10-07-2026 17:50:30;0;0;0;0;407.17;409.63;409.55;236.02;408.78;17216.95;;
10-07-2026 17:55:00;0;0;0;0;407.74;410.11;410.64;236.43;409.49;17216.95;;
10-07-2026 18:00:00;0;0;0;0;410.17;412.48;412.23;237.66;411.63;17216.95;;
10-07-2026 18:05:00;0;0;0;0;408.05;410.64;410.78;236.62;409.82;17216.95;;
10-07-2026 18:10:00;0;0;0;0;411.49;413.5;412.77;238.21;412.59;17216.95;;
10-07-2026 18:15:00;0;0;0;0;408.9;411.15;412.36;237.19;410.8;17216.95;;
10-07-2026 18:20:00;0;0;0;0;406.12;407.93;408.99;235.39;407.68;17216.95;;
10-07-2026 18:25:00;0;0;0;0;404.19;406;406.32;234.13;405.51;17216.95;;
10-07-2026 18:30:00;0;0;0;0;404.34;407.23;408.2;234.76;406.59;17216.95;;
10-07-2026 18:35:00;0;0;0;0;399.68;402.11;403.6;232;401.8;17216.95;;
10-07-2026 18:40:00;0;0;0;0;406.02;407.85;409.04;235.36;407.64;17216.95;;
10-07-2026 18:45:00;0;0;0;0;408.38;411.03;410.15;236.63;409.85;17216.95;;
10-07-2026 18:50:00;0;0;0;0;406.83;410.07;409.96;236.12;408.95;17216.95;;
10-07-2026 18:55:00;0;0;0;0;403.6;406.49;407.54;234.35;405.87;17216.95;;
10-07-2026 19:00:00;0;0;0;0;406.83;409.94;410.7;236.24;409.15;17216.95;;
10-07-2026 19:05:00;0;0;0;0;404.05;406.49;407.23;234.37;405.92;17216.95;;
10-07-2026 19:10:00;0;0;0;0;402.46;404.73;406.78;233.65;404.66;17216.95;;
10-07-2026 19:15:00;0;0;0;0;405.2;407.39;409.02;235.12;407.2;17216.95;;
10-07-2026 19:20:00;0;0;0;0;401.59;403.62;405.26;232.98;403.49;17216.95;;
10-07-2026 19:25:00;0;0;0;0;403.58;406.76;407.78;234.44;406.04;17216.95;;
10-07-2026 19:30:00;0;0;0;0;408.26;410.54;411.25;236.74;410.01;17216.95;;
10-07-2026 19:35:00;0;0;0;0;407.45;410.45;410.66;236.45;409.52;17216.95;;
10-07-2026 19:40:00;0;0;0;0;400.92;404.47;405.56;233.08;403.65;17216.95;;
10-07-2026 19:45:00;0;0;0;0;404.81;407.65;408.74;235.03;407.06;17216.95;;
10-07-2026 19:50:00;0;0;0;0;409.36;411.84;411.67;237.28;410.96;17216.95;;
10-07-2026 19:55:00;0;0;0;0;410.7;413.05;413.7;238.16;412.48;17216.95;;
10-07-2026 20:00:00;0;0;0;0;415.19;418.54;418.32;240.97;417.35;17216.95;;
10-07-2026 20:05:00;0;0;0;0;416.97;419.22;419.62;241.69;418.6;17216.95;;
10-07-2026 20:10:00;0;0;0;0;414.75;417.13;417.61;240.48;416.5;17216.95;;
10-07-2026 20:15:00;0;0;0;0;417.87;420.18;419.27;241.98;419.11;17216.95;;
10-07-2026 20:20:00;0;0;0;0;412.41;415.81;416.85;239.63;415.02;17216.95;;
10-07-2026 20:25:00;0;0;0;0;413.14;415.52;416.6;239.66;415.09;17216.95;;
10-07-2026 20:30:00;0;0;0;0;417.57;419.68;418.96;241.76;418.74;17216.95;;
10-07-2026 20:35:00;0;0;0;0;415.54;417.48;418;240.77;417.01;17216.95;;
10-07-2026 20:40:00;0;0;0;0;413.25;416.11;416.53;239.78;415.3;17216.95;;
10-07-2026 20:45:00;0;0;0;0;414.09;417.27;416.72;240.2;416.03;17216.95;;
10-07-2026 20:50:00;0;0;0;0;414.86;416.31;415.25;239.88;415.48;17216.95;;
10-07-2026 20:55:00;0;0;0;0;415.41;418.72;418.08;241;417.41;17216.95;;
10-07-2026 21:00:00;0;0;0;0;414.18;416.4;416.83;240.07;415.81;17216.95;;
10-07-2026 21:05:00;0;0;0;0;414.04;416.37;416.88;240.05;415.77;17216.95;;
10-07-2026 21:10:00;0;0;0;0;408.07;410.6;409.68;236.4;409.45;17216.95;;
10-07-2026 21:15:00;0;0;0;0;410.26;412.85;412.52;237.8;411.88;17216.95;;
10-07-2026 21:20:00;0;0;0;0;408.6;410.04;411.22;236.69;409.95;17216.95;;
10-07-2026 21:25:00;0;0;0;0;413.58;416.03;414.6;239.45;414.74;17216.95;;
10-07-2026 21:30:00;0;0;0;0;411.13;413.9;413.61;238.38;412.88;17216.95;;
10-07-2026 21:35:00;0;0;0;0;410.03;413.01;412.91;237.86;411.98;17216.95;;
10-07-2026 21:40:00;0;0;0;0;412.09;415.87;415;239.22;414.32;17216.95;;
10-07-2026 21:45:00;0;0;0;0;406.46;409.42;409.17;235.77;408.35;17216.95;;
10-07-2026 21:50:00;0;0;0;0;406.94;409.04;408.94;235.75;408.31;17216.95;;
10-07-2026 21:55:00;0;0;0;0;404.47;407.76;408.02;234.85;406.75;17216.95;;
10-07-2026 22:00:00;0;0;0;0;410.3;413.71;413.35;238.14;412.45;17216.95;;
10-07-2026 22:05:00;0;0;0;0;410.46;413.06;412.31;237.84;411.94;17216.95;;
10-07-2026 22:10:00;0;0;0;0;411.25;412.95;412.77;238.06;412.32;17216.95;;
10-07-2026 22:15:00;0;0;0;0;398.41;401.43;403.27;231.57;401.04;17216.95;;
10-07-2026 22:20:00;0;0;0;0;401.95;404.99;405.81;233.41;404.25;17216.95;;
10-07-2026 22:25:00;0;0;0;0;405.62;407.9;407.9;235.07;407.14;17216.95;;
10-07-2026 22:30:00;0;0;0;0;404.81;407.42;407.8;234.81;406.67;17216.95;;
10-07-2026 22:35:00;0;0;0;0;400.79;403.98;405.08;232.86;403.28;17216.95;;
10-07-2026 22:40:00;0;0;0;0;400.28;402.92;404.33;232.41;402.51;17216.95;;
10-07-2026 22:45:00;0;0;0;0;403.1;404.49;405.21;233.42;404.27;17216.95;;
10-07-2026 22:50:00;0;0;0;0;405.79;407.97;407.62;235.07;407.12;17216.95;;
10-07-2026 22:55:00;0;0;0;0;402.95;405.52;406.11;233.77;404.86;17216.95;;
10-07-2026 23:00:00;0;0;0;0;405.95;408.3;408.78;235.38;407.67;17216.95;;
10-07-2026 23:05:00;7.76;8.3;8.09;8.05;404.5;405.28;406.14;234.02;405.31;17217.01;;
10-07-2026 23:10:00;8.21;8.7;8.24;8.38;407.65;409.15;409.37;235.99;408.72;17217.12;;
10-07-2026 23:15:00;7.85;8.81;8.1;8.26;402.74;406.04;406.77;233.95;405.18;17217.22;;
10-07-2026 23:20:00;8.04;8.69;8.16;8.3;405.87;407.64;408.11;235.11;407.21;17217.33;;
10-07-2026 23:25:00;8.18;8.82;8.16;8.39;407.91;410.37;409.94;236.38;409.41;17217.44;;
10-07-2026 23:30:00;8.25;8.81;8.29;8.45;408.89;410.88;410.86;236.85;410.21;17217.55;;
10-07-2026 23:35:00;0;0;0;0;407.44;410.27;409.7;236.23;409.14;17217.64;;
10-07-2026 23:40:00;0;0;0;0;408.64;411.62;411.99;237.16;410.75;17217.64;;
10-07-2026 23:45:00;8.39;8.88;8.25;8.51;408.69;411.06;410.87;236.85;410.21;17217.72;;
10-07-2026 23:50:00;0;0;0;0;406.87;409.37;408.67;235.74;408.3;17217.78;;
10-07-2026 23:55:00;8.34;8.94;8.35;8.54;408.18;410.15;410.64;236.53;409.66;17217.79;;
11-07-2026 00:00:00;8.46;9.08;8.61;8.71;411.17;413.09;414.3;238.37;412.85;17217.9;;
11-07-2026 00:05:00;478.76;485.72;483.34;482.61;404.06;406;408.01;234.43;406.02;17245.03;;
11-07-2026 00:10:00;473.57;479.93;478.42;477.31;402.66;404.18;406.41;233.51;404.42;17273.21;;
11-07-2026 00:15:00;469.82;476.53;474.75;473.7;399.36;401.17;403.79;231.79;401.44;17301.15;;
11-07-2026 00:20:00;473.47;480.7;478.21;477.46;402.12;404.47;406.96;233.57;404.52;17327.82;;
11-07-2026 00:25:00;471.03;476.98;475.2;474.4;401.63;403.39;405.61;233;403.54;17355.25;;
11-07-2026 00:30:00;468.39;475.36;473.55;472.43;401.41;403.01;405.35;232.84;403.26;17382.98;;
11-07-2026 00:35:00;466.2;473.26;470.53;470;398.31;400.98;402.79;231.36;400.69;17410.31;;
11-07-2026 00:40:00;463.89;472.25;469.42;468.52;396.96;399.43;402.06;230.66;399.48;17437.38;;
11-07-2026 00:45:00;464.41;470.14;468.66;467.74;396.24;397.88;399.79;229.79;397.97;17463.37;;
11-07-2026 00:50:00;466.51;473.11;470.04;469.89;398.48;401.58;402.71;231.49;400.92;17490.03;;
11-07-2026 00:55:00;461.36;469.21;466.59;465.72;394.88;397.43;399.89;229.46;397.4;17516.76;;
11-07-2026 01:00:00;462.21;469.5;467.31;466.34;397.28;399.29;401.62;230.61;399.4;17543.64;;
11-07-2026 01:05:00;464.12;470.23;468.01;467.46;396.89;398.99;400.85;230.33;398.91;17570.83;;
11-07-2026 01:10:00;461.75;469.62;466.75;466.04;397.96;400.68;402.55;231.18;400.4;17597.56;;
11-07-2026 01:15:00;460.83;468.49;466.61;465.31;394.92;396.69;399.92;229.32;397.18;17623.69;;
11-07-2026 01:20:00;462.67;470.25;467.97;466.96;394.93;397.04;399.79;229.37;397.25;17648.52;;
11-07-2026 01:25:00;464.87;471.18;469.13;468.39;399.21;401.3;402.77;231.58;401.09;17672.93;;
11-07-2026 01:30:00;311.81;316.89;317.09;315.27;398.36;400.97;403.25;231.45;400.86;17695.86;;
11-07-2026 01:35:00;310.29;314.81;310.53;311.88;401.45;404.15;405.23;233.04;403.61;17717.66;;
11-07-2026 01:40:00;461.01;468.96;466.18;465.38;397.05;399.55;401.92;230.67;399.51;17738.79;;
11-07-2026 01:45:00;464.24;470.14;468.36;467.58;397.06;399.1;400.69;230.35;398.95;17759.22;;
11-07-2026 01:50:00;311.42;316.11;311.21;312.91;400.23;402.79;404.61;232.42;402.54;17779.14;;
11-07-2026 01:55:00;312.77;317.17;312.62;314.19;398.92;401.47;403.25;231.66;401.21;17798.77;;
11-07-2026 02:00:00;467.54;473.41;471.1;470.68;400.82;403.24;404.36;232.57;402.81;17817.7;;
11-07-2026 02:05:00;163.94;164.96;163.26;164.05;408.96;411.66;411.32;237.09;410.65;17836.28;;
11-07-2026 02:10:00;471.03;477.95;474.46;474.48;400.56;403.74;405.35;232.81;403.21;17855.01;;
11-07-2026 02:15:00;163.22;164.57;162.77;163.52;407.94;410.7;411.08;236.67;409.91;17872.56;;
11-07-2026 02:20:00;163.64;164.32;163.01;163.66;405.65;407.49;407.83;234.98;406.99;17890.03;;
11-07-2026 02:25:00;213.78;216.09;214.18;214.68;406.13;407.32;409.15;235.3;407.53;17907.06;;
11-07-2026 02:30:00;210.25;213.58;211.82;211.88;395.1;398.57;400.26;229.79;397.98;17923.73;;
11-07-2026 02:35:00;311.63;316.28;311.65;313.19;399.8;401.87;403.85;232.02;401.84;17940;;
11-07-2026 02:40:00;382.87;386.39;318.95;362.74;401.36;401.27;402.83;232;401.82;17957.15;;
11-07-2026 02:45:00;230.34;234.08;161.11;208.51;405.34;404.87;406.27;234.12;405.49;17975.67;;
11-07-2026 02:50:00;230.64;234.32;161.34;208.77;400.31;400.64;402.33;231.58;401.09;17993.53;;
11-07-2026 02:55:00;230.61;234.4;161.09;208.7;404.2;404.44;406.04;233.77;404.89;18011.14;;
11-07-2026 03:00:00;383.05;385.87;314.37;361.09;406.82;405.99;406.56;234.67;406.46;18027.71;;
11-07-2026 03:05:00;231.24;235.08;161.73;209.35;405.76;405.86;407.56;234.64;406.4;18043.57;;
11-07-2026 03:10:00;229.1;232.83;159.97;207.3;403.46;403.83;405.08;233.33;404.12;18058.31;;
11-07-2026 03:15:00;527.36;534.8;466.64;509.6;398.52;398.67;401.76;230.75;399.65;18073.66;;
11-07-2026 04:45:00;229.77;232.87;161.89;208.18;404.17;401.09;404.35;232.8;403.2;18214.17;;
11-07-2026 04:50:00;231.38;234.49;162.74;209.54;408.39;405.71;408.38;235.27;407.49;18226.67;;
11-07-2026 04:55:00;233.09;236.17;163.84;211.03;404.89;402.53;405.22;233.38;404.22;18238.4;;
11-07-2026 05:00:00;232.15;234.71;163.5;210.12;405.8;402.08;404.92;233.41;404.27;18250.15;;
11-07-2026 05:05:00;227.92;231.25;160.41;206.53;410.2;407.6;409.91;236.28;409.24;18261.78;;
11-07-2026 05:10:00;233.41;236.26;163.88;211.18;405.01;402.71;405;233.39;404.24;18273.39;;
11-07-2026 05:15:00;211.74;214.33;149.1;191.72;411.17;410.16;411.6;237.28;410.98;18285.06;;
11-07-2026 05:20:00;230.78;233.96;162.31;209.02;408.88;409.08;410.72;236.46;409.56;18294.58;;
11-07-2026 05:25:00;230.8;234.18;162.48;209.15;408.93;406.12;409.15;235.6;408.07;18303.88;;
11-07-2026 05:30:00;229.13;232.59;161.37;207.69;408.79;406.27;408.63;235.5;407.89;18313.21;;
11-07-2026 05:35:00;230.8;233.9;162.34;209.01;405.46;402.76;405.67;233.62;404.63;18322.22;;
11-07-2026 05:40:00;8.31;8.6;8.42;8.44;407.6;407.97;409.45;235.76;408.34;18330.95;;
11-07-2026 05:45:00;8.19;8.47;8.31;8.32;412.74;413.02;414.13;238.62;413.3;18339.33;;
11-07-2026 05:50:00;8.22;8.51;8.29;8.34;412.02;412.5;413.56;238.27;412.69;18339.91;;
11-07-2026 05:55:00;8.18;8.45;8.24;8.29;411.26;411.76;412.6;237.8;411.87;18341.39;;
11-07-2026 06:00:00;8.37;8.57;8.35;8.43;414.36;414.68;415.2;239.46;414.75;18343.52;;
11-07-2026 07:00:00;8.98;9.33;8.7;9;415.74;417.69;416.3;240.51;416.57;18371.43;;
11-07-2026 07:05:00;8.22;8.54;8.19;8.32;408.25;409.23;409.21;236.08;408.89;18373.77;;
11-07-2026 07:10:00;8.26;8.58;8.11;8.31;407.5;408.81;408.18;235.66;408.16;18375.62;;
11-07-2026 07:15:00;8.31;8.61;7.98;8.3;407.72;409.85;407.96;235.86;408.51;18377.57;;
11-07-2026 07:20:00;8.21;8.41;8.06;8.23;405.87;406.34;406.26;234.5;406.16;18379.4;;
11-07-2026 07:25:00;7.88;8.19;7.73;7.93;401.82;403.1;402.47;232.36;402.46;18380.96;;
11-07-2026 07:30:00;7.62;7.88;7.53;7.67;409.58;409.53;409.71;236.49;409.61;18383.56;;
11-07-2026 07:35:00;8.36;8.78;8.13;8.42;409.87;411.98;410.58;237.18;410.81;18385.19;;
11-07-2026 07:40:00;8.5;8.86;8.29;8.55;410.14;411.91;411.23;237.35;411.09;18387.99;;
11-07-2026 07:45:00;8.83;9.19;8.49;8.83;415.57;417.61;416.18;240.44;416.45;18389.35;;
11-07-2026 07:50:00;8.79;9.2;8.59;8.86;415.03;416.82;416.21;240.19;416.02;18392.27;;
11-07-2026 07:55:00;8.72;9.03;8.57;8.77;415.83;418.11;416.87;240.72;416.94;18394.2;;
11-07-2026 08:00:00;8.62;9;8.56;8.72;415.5;417.05;416.5;240.38;416.35;18396.64;;
11-07-2026 08:05:00;8.61;8.93;8.3;8.61;411.15;412.23;412.19;237.79;411.85;18398.72;;
11-07-2026 08:10:00;8.67;8.93;8.36;8.65;412.5;414.23;413.2;238.63;413.31;18401.05;;
11-07-2026 08:15:00;8.33;8.76;8.15;8.42;407.07;409.23;408.77;235.77;408.36;18402.73;;
11-07-2026 08:20:00;155.19;156.86;154.14;155.4;400.09;401.29;402.16;231.63;401.18;18405.54;;
11-07-2026 08:25:00;8.07;8.5;7.9;8.16;404.77;407.09;405.97;234.38;405.95;18407.94;;
11-07-2026 08:30:00;8.03;8.44;7.98;8.15;404.32;405.6;405.84;233.98;405.25;18409.63;;
11-07-2026 08:35:00;8.11;8.5;7.99;8.2;403.28;405.16;405.09;233.55;404.51;18412.62;;
11-07-2026 08:40:00;7.94;8.33;7.84;8.04;401.93;402.79;403.55;232.54;402.76;18414.28;;
11-07-2026 08:45:00;7.86;8.1;7.76;7.91;400.3;401.2;401.12;231.45;400.87;18417.33;;
11-07-2026 08:50:00;7.95;8.41;7.91;8.09;401.6;403.37;403.65;232.61;402.87;18418.68;;
11-07-2026 08:55:00;374.69;377.99;307.99;353.56;393.86;392.73;395.18;227.44;393.92;18421.58;;
11-07-2026 09:00:00;139.5;141.72;139.24;140.15;405.43;405.99;407.15;234.52;406.19;18423.63;;
11-07-2026 09:05:00;8.05;8.24;8.04;8.11;405.82;406.03;406.73;234.52;406.19;18426.33;;
11-07-2026 09:10:00;8.23;8.6;8.08;8.3;409.28;410.97;410.49;236.86;410.25;18428.45;;
11-07-2026 09:15:00;23.89;25.54;25.99;25.14;410.2;410.48;409.78;236.8;410.15;18430.86;;
11-07-2026 09:20:00;8.15;8.34;8.12;8.21;407.21;407.82;408.13;235.4;407.72;18433.52;;
11-07-2026 09:25:00;8.53;8.6;8.37;8.5;411.72;412.81;412.12;238;412.22;18435.6;;
11-07-2026 09:30:00;8.19;8.61;8.11;8.31;407.53;409.23;409.51;236;408.76;18438.27;;
11-07-2026 09:35:00;7.85;8.14;7.86;7.95;403.04;403.99;404.03;233.08;403.69;18440.63;;
11-07-2026 09:40:00;7.8;8.13;7.81;7.92;403.54;404.46;404.43;233.34;404.14;18443.38;;
11-07-2026 09:45:00;8.31;8.72;8.32;8.45;411.51;413.05;412.93;238.16;412.5;18445.61;;
11-07-2026 09:50:00;8.22;8.55;8.3;8.35;409.6;410;411.11;236.86;410.24;18448.29;;
11-07-2026 09:55:00;8.3;8.59;8.31;8.4;412.04;413.29;413.22;238.37;412.85;18450.73;;
11-07-2026 10:00:00;8.69;9.04;8.59;8.77;413.21;414.47;414.61;239.09;414.1;18453.52;;
11-07-2026 10:05:00;8.86;9.31;8.68;8.95;417.73;419.95;419.21;241.89;418.96;18455.71;;
11-07-2026 10:10:00;8.74;9.25;8.58;8.86;416.17;418.5;417.73;241.03;417.47;18458.24;;
11-07-2026 10:15:00;8.35;8.78;8.25;8.46;406.34;408.09;408.49;235.36;407.64;18459.98;;
11-07-2026 10:20:00;8.39;8.88;8.38;8.55;411.03;412.79;412.92;238.02;412.25;18463.14;;
11-07-2026 10:25:00;8.57;8.84;8.31;8.57;411.99;413.58;412.66;238.3;412.74;18465.11;;
11-07-2026 10:30:00;8.69;9.14;8.57;8.8;414.92;417;416.63;240.29;416.18;18468.55;;
11-07-2026 10:35:00;8.83;9.23;8.65;8.91;416.21;418.06;417.53;240.91;417.26;18470.8;;
11-07-2026 10:40:00;8.43;8.81;8.34;8.53;411.43;412.96;412.71;238.08;412.37;18472.84;;
11-07-2026 10:45:00;308.81;312.46;312.79;311.35;400.69;401.17;402.92;231.87;401.59;18475.57;;
11-07-2026 10:50:00;8.57;8.65;8.45;8.56;410.89;410.52;411.2;237.22;410.87;18477.38;;
11-07-2026 10:55:00;8.46;8.78;8.39;8.54;410.51;411.7;411.72;237.47;411.31;18480.64;;
11-07-2026 11:00:00;157.22;158.56;156.72;157.5;407;406.75;407.88;235.11;407.21;18483.1;;
11-07-2026 11:05:00;156.56;158.13;155.48;156.73;405.12;406.4;406.87;234.49;406.13;18485.64;;
11-07-2026 11:10:00;8.25;8.75;8.42;8.47;408.78;410.2;410.79;236.68;409.92;18488.26;;
11-07-2026 11:10:09;156.75;158.76;155.82;157.11;404.57;405.82;407.38;234.37;405.92;18488.43;;
11-07-2026 11:10:09;156.75;158.76;155.82;157.11;404.57;405.82;407.38;234.37;405.92;18488.43;;
11-07-2026 11:10:10;156.75;158.76;155.82;157.11;404.57;405.82;407.38;234.37;405.92;18488.43;;
11-07-2026 11:15:00;8.16;8.5;8.34;8.33;407.94;408.35;409.55;235.92;408.61;18490.54;;
11-07-2026 11:20:00;7.9;8.27;7.99;8.05;404.3;405.08;405.3;233.77;404.89;18493.25;;
11-07-2026 11:25:00;229.16;232.44;160.03;207.21;399.41;398.96;400.58;230.74;399.65;18495.75;;
11-07-2026 11:30:00;7.83;8.21;8.06;8.03;402.9;403.05;404.36;232.93;403.44;18498.56;;
11-07-2026 11:35:00;7.54;8.12;7.75;7.8;400.12;401.39;402.42;231.71;401.31;18501.16;;
11-07-2026 11:40:00;7.72;8.35;7.9;7.99;401.32;402.95;403.38;232.42;402.55;18504.15;;
11-07-2026 11:45:00;154.47;156.5;153.96;154.98;404.29;404.99;406.27;233.94;405.18;18507.37;;
11-07-2026 11:50:00;145.15;146.65;144.21;145.34;398.2;397.51;400.18;230.17;398.63;18509.77;;
11-07-2026 11:55:00;7.71;8.47;8;8.06;402.58;404.63;405.81;233.46;404.34;18512.83;;
11-07-2026 12:00:00;7.74;8.37;7.93;8.01;398.45;400.4;402.32;231.19;400.39;18515.11;;
11-07-2026 12:05:00;8.48;8.7;8.27;8.48;410.96;411.89;411.59;237.57;411.48;18518.36;;
11-07-2026 12:10:00;155.47;158.18;154.97;156.21;402.28;404.02;406.22;233.36;404.17;18520.52;;
11-07-2026 12:15:00;307.42;312.37;311.73;310.5;397.31;398.57;401.24;230.4;399.04;18523.38;;
11-07-2026 12:20:00;7.93;8.6;8.15;8.23;406.66;409.02;410.16;235.92;408.61;18525.72;;
11-07-2026 12:25:00;7.78;8.51;8.07;8.12;404.21;407.02;407.41;234.54;406.21;18528.4;;
11-07-2026 12:30:00;8.25;8.64;8.33;8.41;406.4;407.42;408.75;235.3;407.53;18531.4;;
11-07-2026 12:35:00;7.9;8.6;8.17;8.22;403.38;405.42;406.74;233.94;405.18;18533.75;;
11-07-2026 12:40:00;7.82;8.54;7.96;8.11;402.82;406.08;406.22;233.86;405.04;18537.1;;
11-07-2026 12:45:00;230.05;233.81;160.97;208.28;401.39;400.97;403.1;232;401.82;18539.62;;
11-07-2026 12:50:00;8.05;8.63;8.27;8.32;406.27;408.06;408.94;235.43;407.75;18542.58;;
11-07-2026 12:55:00;155.83;158.16;160.08;158.02;400.57;402.62;404.07;232.35;402.42;18544.6;;
11-07-2026 13:00:00;7.96;8.69;8.09;8.24;404.83;407.66;407.63;234.83;406.7;18547.83;;
11-07-2026 13:05:00;157.23;159.01;161.17;159.14;403.41;404.68;405.79;233.62;404.62;18549.66;;
11-07-2026 13:10:00;287.67;291.21;244.88;274.59;402.62;404.21;405.79;233.38;404.21;18552.67;;
11-07-2026 13:15:00;8.06;8.8;8.4;8.42;408.52;410.22;411.37;236.75;410.04;18555.87;;
11-07-2026 13:20:00;8.12;8.86;8.41;8.46;409.01;410.74;412.03;237.07;410.59;18557.83;;
11-07-2026 13:25:00;8.24;9.01;8.42;8.56;408.52;410.86;411.61;236.92;410.33;18559.79;;
11-07-2026 13:30:00;8.34;8.79;8.7;8.61;411.23;411.73;413.74;238.01;412.23;18564.78;;
11-07-2026 13:35:00;8.14;8.58;8.38;8.37;406.6;407.15;408.86;235.3;407.54;18565.43;;
11-07-2026 13:40:00;8.05;8.61;8.18;8.28;405.52;407.34;407.87;234.94;406.91;18569.16;;
11-07-2026 13:45:00;112.97;115.09;112.65;113.57;398.86;401.41;402.82;231.55;401.03;18571.62;;
11-07-2026 13:50:00;7.81;8.44;8.2;8.15;404.63;406.32;407.82;234.56;406.25;18574.96;;
11-07-2026 13:55:00;7.72;8.35;7.86;7.98;399.39;401.68;402.7;231.68;401.26;18577.5;;
11-07-2026 14:00:00;7.76;8.36;7.91;8.01;400.2;402.55;403.14;232.09;401.96;18580.35;;
11-07-2026 14:05:00;7.67;8.27;7.98;7.97;402.68;404.34;405.38;233.34;404.13;18582.17;;
11-07-2026 14:10:00;365.29;369.82;299.29;344.8;395.96;394.47;398.32;228.78;396.25;18584.84;;
11-07-2026 14:15:00;8.05;8.49;8.16;8.23;404.26;405.81;406.78;234.19;405.61;18587.51;;
11-07-2026 14:20:00;7.34;8.01;7.59;7.65;399.29;401.65;401.85;231.49;400.93;18590.11;;
11-07-2026 14:25:00;7.66;8.07;7.72;7.82;399.52;400.79;401.12;231.22;400.48;18592.37;;
11-07-2026 14:30:00;128.52;130.28;131.49;130.1;393.06;395.25;396.68;228.07;395;18595.17;;
11-07-2026 14:35:00;7.99;8.69;8.34;8.34;406.96;408.76;410.19;235.94;408.64;18597.3;;
11-07-2026 14:40:00;157.96;160.62;161.85;160.14;407.58;409.86;411.38;236.5;409.61;18600.38;;
11-07-2026 14:45:00;8.19;9;8.54;8.58;408.78;410.5;412.09;236.99;410.46;18602.64;;
11-07-2026 14:50:00;157.03;159.5;156.57;157.7;411.17;412.52;414.03;238.21;412.57;18605.03;;
11-07-2026 14:55:00;8.11;8.83;8.45;8.46;407.92;409.34;410.83;236.36;409.36;18607.69;;
11-07-2026 15:00:00;156.81;159.16;155.85;157.27;406.85;408.83;409.85;235.87;408.51;18610.75;;
11-07-2026 15:05:00;8.08;8.76;8.46;8.43;409.62;411.19;412.8;237.42;411.2;18613.16;;
11-07-2026 15:10:00;8.23;8.93;8.56;8.57;409.1;411.11;412.22;237.19;410.81;18615.55;;
11-07-2026 15:15:00;8.3;9.05;8.47;8.61;410.15;412.98;413.25;237.95;412.13;18618.59;;
11-07-2026 15:20:00;8.27;8.86;8.49;8.54;409.53;411.01;412.58;237.33;411.04;18620.85;;
11-07-2026 15:25:00;8.22;9.01;8.5;8.57;410.47;412.64;413.95;238.08;412.35;18623.95;;
11-07-2026 15:30:00;8.53;9.34;8.66;8.84;413.94;417.01;417.23;240.22;416.06;18626.32;;
11-07-2026 15:35:00;8.82;9.41;8.8;9.01;416.59;419.11;419.11;241.49;418.27;18628.7;;
11-07-2026 15:40:00;8.46;8.97;8.46;8.63;407.17;408.48;409.93;235.87;408.53;18631.82;;
11-07-2026 15:45:00;8.34;8.97;8.45;8.59;410.73;413.12;413.51;238.13;412.46;18634.16;;
11-07-2026 15:50:00;8.56;8.94;8.54;8.68;412.03;413.6;413.91;238.55;413.18;18636.94;;
11-07-2026 15:55:00;8.31;8.71;8.35;8.46;408.78;410.62;410.91;236.78;410.11;18639.25;;
11-07-2026 16:00:00;8;8.52;8.2;8.24;404.98;406.66;407.63;234.66;406.42;18642.35;;
11-07-2026 16:05:00;7.94;8.69;8.16;8.26;402.29;404.99;406.1;233.52;404.46;18644.84;;
11-07-2026 16:10:00;7.79;8.55;7.96;8.1;401.69;404.84;405.3;233.23;403.94;18647.2;;
11-07-2026 16:15:00;7.73;8.47;7.91;8.04;398.34;400.97;402.24;231.26;400.52;18649.79;;
11-07-2026 16:20:00;7.27;8.21;7.84;7.77;397.13;399.8;401.72;230.7;399.55;18652.66;;
11-07-2026 16:25:00;7.74;8.53;7.92;8.06;400.7;404.04;404.16;232.66;402.96;18654.84;;
11-07-2026 16:30:00;7.48;8.3;7.91;7.9;397.83;400.43;401.91;230.99;400.06;18657.52;;
11-07-2026 16:35:00;7.76;8.65;8.06;8.16;403.89;407.08;407.33;234.48;406.1;18660.05;;
11-07-2026 16:40:00;153.57;156.27;152.93;154.26;400.12;402.6;403.96;232.24;402.23;18662.49;;
11-07-2026 16:45:00;8.18;8.96;8.45;8.53;408.71;411.23;411.97;237.09;410.63;18665.33;;
11-07-2026 16:50:00;8.14;8.94;8.28;8.45;406.24;409.38;409.43;235.78;408.35;18668.13;;
11-07-2026 16:55:00;156.37;158.9;155.22;156.83;406.69;409.66;410.07;236.04;408.81;18670.43;;
11-07-2026 17:00:00;7.97;8.6;8.22;8.27;405.45;406.85;407.92;234.85;406.74;18672.79;;
11-07-2026 17:05:00;8.15;8.69;8.37;8.4;406.2;407.65;408.76;235.31;407.54;18675.81;;
11-07-2026 17:10:00;7.94;8.8;8.27;8.34;406.37;408.87;409.5;235.71;408.25;18678.13;;
11-07-2026 17:15:00;7.99;8.88;8.31;8.39;404.18;406.82;408.02;234.62;406.34;18680.91;;
11-07-2026 17:20:00;7.96;8.57;8.11;8.21;404.97;406.06;407.2;234.46;406.08;18683.16;;
11-07-2026 17:25:00;156.55;158.5;160.29;158.45;406.74;408.42;408.8;235.56;407.99;18685.75;;
11-07-2026 17:30:00;230.03;233.81;160.62;208.16;406.55;409.11;409.07;235.71;408.24;18688.56;;
11-07-2026 17:35:00;155.26;157.69;154.5;155.82;404.04;405.76;407.02;234.19;405.61;18691.19;;
11-07-2026 17:40:00;7.99;8.87;8.19;8.35;407.32;410.34;410.57;236.39;409.41;18692.18;;
11-07-2026 17:45:00;8.27;9;8.53;8.6;407.89;409.97;411.3;236.57;409.72;18692.27;;
11-07-2026 17:50:00;8.23;8.86;8.51;8.53;410.03;411.67;412.68;237.57;411.46;18692.36;;
11-07-2026 17:55:00;8.35;9.14;8.54;8.68;410.51;412.71;413.81;238.08;412.34;18692.46;;
11-07-2026 18:00:00;8.7;9.44;8.77;8.97;416.95;419.41;419.72;241.74;418.69;18692.55;;
11-07-2026 18:05:00;8.18;8.96;8.49;8.54;410.7;412.71;414.09;238.17;412.5;18692.64;;
11-07-2026 18:10:00;8.41;9;8.44;8.62;411.32;413.32;413.59;238.3;412.74;18692.74;;
11-07-2026 18:15:00;8.15;8.84;8.35;8.45;408.95;411.05;411.92;237.09;410.64;18692.83;;
11-07-2026 18:20:00;7.73;8.46;7.98;8.06;400.94;403.17;404.52;232.61;402.88;18692.92;;
11-07-2026 18:25:00;7.64;8.43;7.83;7.97;401.92;404.85;405.29;233.27;404.02;18693.01;;
11-07-2026 18:30:00;7.54;8.29;7.88;7.9;398.14;400.42;402.1;231.08;400.22;18693.09;;
11-07-2026 18:35:00;7.53;8.26;7.79;7.86;399.03;401.52;402.66;231.57;401.07;18693.18;;
11-07-2026 18:40:00;7.51;8.32;7.82;7.89;396.94;399.13;401.1;230.41;399.06;18693.27;;
11-07-2026 18:45:00;7.68;8.43;7.89;8;401.72;404.33;405.16;233.11;403.74;18693.35;;
11-07-2026 18:50:00;7.5;8.23;7.94;7.89;397.12;399.19;401.16;230.47;399.16;18693.44;;
11-07-2026 18:55:00;7.64;8.46;7.93;8.01;403.71;406.49;407.21;234.3;405.8;18693.52;;
11-07-2026 19:00:00;7.67;8.53;8.04;8.08;402.66;405.65;406.81;233.87;405.04;18693.61;;
11-07-2026 19:05:00;7.99;8.82;8.24;8.35;405.34;408.48;409.23;235.39;407.68;18693.7;;
11-07-2026 19:10:00;8.05;8.95;8.32;8.44;407.44;410.7;411.48;236.66;409.87;18693.79;;
11-07-2026 19:15:00;7.95;8.87;8.19;8.34;405.39;409.06;409.66;235.6;408.04;18693.88;;
11-07-2026 19:20:00;7.67;8.54;8.28;8.16;404.26;406.63;408.61;234.71;406.5;18693.97;;
11-07-2026 19:25:00;7.5;8.29;8.05;7.94;398.37;399.94;402.6;231.14;400.3;18694.06;;
11-07-2026 19:30:00;7.43;8.29;7.98;7.9;398.17;401.08;402.72;231.34;400.66;18694.14;;
11-07-2026 19:35:00;7.35;8.24;7.95;7.85;400.48;402.73;404.83;232.51;402.68;18694.22;;
11-07-2026 19:40:00;7.59;8.48;8.1;8.06;400.56;403.23;405.37;232.72;403.05;18694.31;;
11-07-2026 19:45:00;7.4;8.43;7.9;7.91;401.34;404.9;405.75;233.27;404;18694.4;;
11-07-2026 19:50:00;7.38;8.33;7.94;7.88;400.97;403.74;405.52;232.93;403.41;18694.48;;
11-07-2026 19:55:00;7.9;8.76;8.28;8.31;405.03;407.85;408.91;235.15;407.26;18694.57;;
11-07-2026 20:00:00;8.22;8.96;8.49;8.56;408.6;411.22;411.69;237.02;410.5;18694.66;;
11-07-2026 20:05:00;7.97;8.84;8.37;8.39;406.2;409.13;410.17;235.87;408.5;18694.75;;
11-07-2026 20:10:00;7.92;8.74;8.49;8.39;405.55;407.59;409.57;235.32;407.57;18694.84;;
11-07-2026 20:15:00;7.88;8.69;8.39;8.32;405.1;407.3;409.21;235.12;407.2;18694.93;;
11-07-2026 20:20:00;7.92;8.84;8.45;8.4;406.97;409.97;410.9;236.31;409.28;18695.02;;
11-07-2026 20:25:00;8.24;9.11;8.61;8.65;411.41;414.12;414.89;238.73;413.47;18695.11;;
11-07-2026 20:30:00;8.32;9.14;8.7;8.72;411.52;413.79;415.09;238.73;413.47;18695.2;;
11-07-2026 20:35:00;8.34;9.17;8.64;8.72;411.57;414.37;414.94;238.82;413.62;18695.29;;
11-07-2026 20:40:00;8.29;9.25;8.66;8.73;411.76;414.86;415.43;239.04;414.02;18695.38;;
11-07-2026 20:45:00;8.33;9.01;8.73;8.69;411.37;412.87;414.41;238.4;412.89;18695.48;;
11-07-2026 20:50:00;9.01;9.7;9.03;9.25;419.06;421.82;421.43;242.94;420.77;18695.57;;
11-07-2026 20:55:00;8.34;8.86;8.4;8.53;408.37;410.1;410.19;236.46;409.55;18695.66;;
11-07-2026 21:00:00;8.38;8.77;8.38;8.51;409.47;410.73;410.62;236.88;410.27;18695.76;;
11-07-2026 21:05:00;8.11;8.71;8.1;8.31;405.49;407.96;407.97;235.07;407.14;18695.84;;
11-07-2026 21:10:00;7.72;8.15;7.68;7.85;398.09;400.21;399.57;230.54;399.29;18695.93;;
11-07-2026 21:15:00;8.27;8.73;8.44;8.48;409.84;411.01;411.39;237.15;410.75;18696.02;;
11-07-2026 21:20:00;8.21;8.69;8.44;8.45;408.07;408.82;410.43;236.21;409.11;18696.11;;
11-07-2026 21:25:00;8.42;8.81;8.51;8.58;409.89;410.65;411.12;237.04;410.55;18696.2;;
11-07-2026 21:30:00;8.56;9.01;8.57;8.71;411.03;412.66;412.54;237.92;412.08;18696.29;;
11-07-2026 21:35:00;8.33;8.8;8.56;8.56;411.7;413.37;413.82;238.43;412.96;18696.38;;
11-07-2026 21:40:00;8.24;8.77;8.22;8.41;407.14;409.13;408.86;235.79;408.38;18696.47;;
11-07-2026 21:45:00;8.01;8.63;8.04;8.23;406.04;408.72;407.94;235.32;407.56;18696.56;;
11-07-2026 21:50:00;8.15;8.69;8.21;8.35;407.6;409.36;409.38;236.02;408.78;18696.65;;
11-07-2026 21:55:00;8.46;8.95;8.3;8.57;410.49;412.7;412.11;237.74;411.77;18696.74;;
11-07-2026 22:00:00;8.53;9.12;8.44;8.69;412.38;414.89;414.23;238.93;413.83;18696.83;;
11-07-2026 22:05:00;8.43;9.02;8.62;8.69;411.74;414.1;414.38;238.69;413.4;18696.92;;
11-07-2026 22:10:00;8.04;8.74;8.16;8.31;404.02;406.25;406.81;234.24;405.69;18697.01;;
11-07-2026 22:15:00;8.02;8.82;8.19;8.34;403.52;406.02;407.02;234.14;405.52;18697.1;;
11-07-2026 22:20:00;0;0;0;0;404.23;407.44;407.74;234.69;406.47;18697.18;;
11-07-2026 22:25:00;0;0;0;0;402.76;405.72;405.76;233.69;404.74;18697.18;;
11-07-2026 22:30:00;0;0;0;0;402.85;405.78;406.48;233.87;405.04;18697.18;;
11-07-2026 22:35:00;0;0;0;0;408.01;411.56;411.08;236.85;410.22;18697.18;;
11-07-2026 22:40:00;0;0;0;0;405.85;409.21;408.98;235.58;408.01;18697.18;;
11-07-2026 22:45:00;0;0;0;0;410.67;413.81;412.82;238.12;412.43;18697.18;;
11-07-2026 22:50:00;0;0;0;0;411.53;415.43;414;238.83;413.66;18697.18;;
11-07-2026 22:55:00;0;0;0;0;410.18;414.2;413.28;238.2;412.55;18697.18;;
11-07-2026 23:00:00;0;0;0;0;411.19;413.92;414.5;238.57;413.2;18697.18;;
11-07-2026 23:05:00;0;0;0;0;407.12;409.33;409.29;235.9;408.58;18697.18;;
11-07-2026 23:10:00;0;0;0;0;406.89;410.24;409.65;236.1;408.92;18697.18;;
11-07-2026 23:15:00;0;0;0;0;409.88;413.58;412.98;237.96;412.15;18697.18;;
11-07-2026 23:20:00;0;0;0;0;408.2;411.46;411.46;236.94;410.37;18697.18;;
11-07-2026 23:25:00;0;0;0;0;409.47;412.72;412.81;237.68;411.67;18697.18;;
11-07-2026 23:30:00;0;0;0;0;409.31;412.69;412.26;237.54;411.42;18697.18;;
11-07-2026 23:35:00;0;0;0;0;408.74;411.26;411.72;237.06;410.57;18697.18;;
11-07-2026 23:40:00;0;0;0;0;406.6;410.46;409.94;236.15;409;18697.18;;
11-07-2026 23:45:00;0;0;0;0;406.47;409.97;409.91;236.02;408.78;18697.18;;
11-07-2026 23:50:00;0;0;0;0;413.56;415.89;415.54;239.6;415;18697.18;;
11-07-2026 23:55:00;0;0;0;0;415.48;419.01;417.84;241.02;417.44;18697.18;;
12-07-2026 00:00:00;0;0;0;0;415.95;418.82;418.38;241.17;417.72;18697.18;;
12-07-2026 00:05:00;0;0;0;0;413.71;415.26;414.48;239.31;414.49;18697.18;;
12-07-2026 00:10:00;0;0;0;0;413.24;415.69;415.35;239.47;414.76;18697.18;;
12-07-2026 00:15:00;0;0;0;0;416.77;419;418.15;241.32;417.97;18697.18;;
12-07-2026 00:20:00;0;0;0;0;416.54;418.91;418.94;241.41;418.13;18697.18;;
12-07-2026 00:25:00;0;0;0;0;413.09;416.3;415.68;239.62;415.03;18697.18;;
12-07-2026 00:30:00;0;0;0;0;409.5;412.63;411.64;237.44;411.26;18697.18;;
12-07-2026 00:35:00;0;0;0;0;407.31;410.19;409.88;236.22;409.12;18697.18;;
12-07-2026 00:40:00;0;0;0;0;409.12;410.6;410.01;236.67;409.91;18697.18;;
12-07-2026 00:45:00;0;0;0;0;405.98;409.06;408.33;235.45;407.79;18697.18;;
12-07-2026 00:50:00;0;0;0;0;407.77;409.94;409.91;236.26;409.21;18697.18;;
12-07-2026 00:55:00;0;0;0;0;407.18;410.07;410.16;236.23;409.14;18697.18;;
12-07-2026 01:00:00;0;0;0;0;407.67;410.77;410.48;236.52;409.64;18697.18;;
12-07-2026 01:05:00;0;0;0;0;411.65;414.31;413.11;238.46;413.03;18697.18;;
12-07-2026 01:10:00;0;0;0;0;411.36;413.4;413.88;238.39;412.88;18697.18;;
12-07-2026 01:15:00;0;0;0;0;411.75;413.9;412.83;238.35;412.83;18697.18;;
12-07-2026 01:20:00;0;0;0;0;410.64;412.4;411.39;237.57;411.48;18697.18;;
12-07-2026 01:25:00;0;0;0;0;408.76;410.45;410.96;236.76;410.06;18697.18;;
12-07-2026 01:30:00;0;0;0;0;412.45;414.16;413.18;238.6;413.26;18697.18;;
12-07-2026 01:35:00;0;0;0;0;407.68;410.08;409.33;236.16;409.03;18697.18;;
12-07-2026 01:40:00;0;0;0;0;403.05;405.98;406.82;234.01;405.28;18697.18;;
12-07-2026 01:45:00;0;0;0;0;409.61;411.84;411.78;237.34;411.08;18697.18;;
12-07-2026 01:50:00;0;0;0;0;404.99;408.56;407.56;235.02;407.04;18697.18;;
12-07-2026 01:55:00;0;0;0;0;405.75;407.94;407.85;235.1;407.18;18697.18;;
12-07-2026 02:00:00;0;0;0;0;411.43;414.13;413;238.37;412.85;18697.18;;
12-07-2026 02:05:00;0;0;0;0;410.93;414.06;412.58;238.18;412.52;18697.18;;
12-07-2026 02:10:00;0;0;0;0;412.93;415.87;414.51;239.28;414.43;18697.18;;
12-07-2026 02:15:00;0;0;0;0;415.12;418.11;416.28;240.47;416.5;18697.18;;
12-07-2026 02:20:00;0;0;0;0;413.55;414.88;414.47;239.2;414.3;18697.18;;
12-07-2026 02:25:00;0;0;0;0;411.72;414.24;412.47;238.34;412.81;18697.18;;
12-07-2026 02:30:00;0;0;0;0;414.88;418.05;415.85;240.33;416.26;18697.18;;
12-07-2026 02:35:00;0;0;0;0;406.72;409.92;408.88;235.86;408.5;18697.18;;
12-07-2026 02:40:00;0;0;0;0;406.13;409.25;408.23;235.49;407.87;18697.18;;
12-07-2026 02:45:00;0;0;0;0;409.14;412.44;411.17;237.25;410.92;18697.18;;
12-07-2026 02:50:00;0;0;0;0;409.01;411.35;410.29;236.85;410.22;18697.18;;
12-07-2026 02:55:00;0;0;0;0;410.15;411.48;410.07;237.04;410.56;18697.18;;
12-07-2026 03:00:00;0;0;0;0;409.66;412.66;411.18;237.39;411.17;18697.18;;
12-07-2026 03:05:00;0;0;0;0;410.77;412.81;411.89;237.77;411.82;18697.18;;
12-07-2026 03:10:00;0;0;0;0;406.16;408.88;408.09;235.4;407.71;18697.18;;
12-07-2026 03:15:00;0;0;0;0;409.13;411.13;409.8;236.73;410.02;18697.18;;
12-07-2026 03:20:00;0;0;0;0;408.31;410.39;409.3;236.33;409.33;18697.18;;
12-07-2026 03:25:00;0;0;0;0;409.46;411.93;411.03;237.19;410.81;18697.18;;
12-07-2026 03:30:00;0;0;0;0;412.24;415.1;413.47;238.8;413.6;18697.18;;
12-07-2026 03:35:00;0;0;0;0;407.35;409.26;408.62;235.8;408.41;18697.18;;
12-07-2026 03:40:00;0;0;0;0;409.34;412.41;410.94;237.23;410.9;18697.18;;
12-07-2026 03:45:00;0;0;0;0;409.03;411.74;410.64;236.99;410.47;18697.18;;
12-07-2026 03:50:00;0;0;0;0;407.62;411.3;409.5;236.41;409.47;18697.18;;
12-07-2026 03:55:00;0;0;0;0;411.59;413.54;412.89;238.26;412.67;18697.18;;
12-07-2026 04:00:00;0;0;0;0;416.11;419.05;417.47;241.07;417.54;18697.18;;
12-07-2026 04:05:00;0;0;0;0;413.96;416.53;415.44;239.78;415.31;18697.18;;
12-07-2026 04:10:00;0;0;0;0;414.59;417.73;415.78;240.2;416.03;18697.18;;
12-07-2026 04:15:00;0;0;0;0;414.99;415.62;414.55;239.63;415.05;18697.18;;
12-07-2026 04:20:00;0;0;0;0;412.44;414.83;413.63;238.82;413.63;18697.18;;
12-07-2026 04:25:00;0;0;0;0;414.54;417.52;415.97;240.19;416.01;18697.18;;
12-07-2026 04:30:00;0;0;0;0;416.6;417.69;416.13;240.65;416.81;18697.18;;
12-07-2026 04:35:00;0;0;0;0;415.28;417.09;415.76;240.2;416.04;18697.18;;
12-07-2026 04:40:00;0;0;0;0;412;414.38;412.94;238.51;413.11;18697.18;;
12-07-2026 04:45:00;0;0;0;0;407.95;410.45;409.21;236.26;409.2;18697.18;;
12-07-2026 04:50:00;0;0;0;0;405;406.73;405.42;234.24;405.72;18697.18;;
12-07-2026 04:55:00;0;0;0;0;405.31;407.5;406.85;234.73;406.55;18697.18;;
12-07-2026 05:00:00;0;0;0;0;402.67;404.27;404.32;233.11;403.75;18697.18;;
12-07-2026 05:05:00;0;0;0;0;405.28;406.88;405.5;234.34;405.89;18697.18;;
12-07-2026 05:10:00;0;0;0;0;401.7;404.58;403.52;232.83;403.27;18697.18;;
12-07-2026 05:15:00;0;0;0;0;407.61;409.69;408.28;235.87;408.52;18697.18;;
12-07-2026 05:20:00;0;0;0;0;407.45;410.08;408.78;236.01;408.77;18697.18;;
12-07-2026 05:25:00;0;0;0;0;404.24;405.14;404.96;233.71;404.78;18697.18;;
12-07-2026 05:30:00;0;0;0;0;406.39;408.39;406.95;235.13;407.24;18697.18;;
12-07-2026 05:35:00;0;0;0;0;403.43;407.44;405.38;234.07;405.42;18697.18;;
12-07-2026 05:40:00;0;0;0;0;404.72;406.51;406.31;234.32;405.85;18697.18;;
12-07-2026 05:45:00;0;0;0;0;405.99;407.5;407.1;234.91;406.86;18697.18;;
12-07-2026 05:50:00;0;0;0;0;406.98;409.67;408.03;235.69;408.23;18697.18;;
12-07-2026 05:55:00;0;0;0;0;409.53;411.79;410.44;237.06;410.59;18697.18;;
12-07-2026 06:00:00;0;0;0;0;411.14;414.29;411.69;238.09;412.38;18697.18;;
12-07-2026 06:05:00;0;0;0;0;413.06;415.66;414.29;239.22;414.33;18697.18;;
12-07-2026 06:10:00;0;0;0;0;404.58;406.27;406.1;234.21;405.65;18697.18;;
12-07-2026 06:15:00;0;0;0;0;404.36;406.57;405.53;234.11;405.49;18697.18;;
12-07-2026 06:20:00;0;0;0;0;404.68;407.54;406.43;234.54;406.22;18697.18;;
12-07-2026 06:25:00;0;0;0;0;406.62;409.11;407.58;235.43;407.77;18697.18;;
12-07-2026 06:30:00;0;0;0;0;404.59;406.43;406.26;234.27;405.76;18697.18;;
12-07-2026 06:35:00;0;0;0;0;403.56;405.73;405.48;233.79;404.92;18697.18;;
12-07-2026 06:40:00;0;0;0;0;404.59;407.3;406.04;234.39;405.97;18697.18;;
12-07-2026 06:45:00;0;0;0;0;406.7;408.86;407.77;235.44;407.78;18697.18;;
12-07-2026 06:50:00;0;0;0;0;407.48;409.43;408.53;235.84;408.48;18697.18;;
12-07-2026 06:55:00;0;0;0;0;411.5;412.53;411.7;237.82;411.91;18697.18;;
12-07-2026 07:00:00;0;0;0;0;412.95;414.94;413.08;238.83;413.66;18697.18;;
12-07-2026 07:05:00;0;0;0;0;415.15;415.55;415.81;239.89;415.5;18697.18;;
12-07-2026 07:10:00;0;0;0;0;419.06;421.37;419.69;242.51;420.04;18697.18;;
12-07-2026 07:15:00;0;0;0;0;414.18;416.88;414.41;239.69;415.16;18697.18;;
12-07-2026 07:20:00;0;0;0;0;411.03;412.53;411.39;237.67;411.65;18697.18;;
12-07-2026 07:25:00;0;0;0;0;408.21;409.93;409.13;236.19;409.09;18697.18;;
12-07-2026 07:30:00;0;0;0;0;405.49;408.22;406.19;234.78;406.63;18697.18;;
12-07-2026 07:35:00;0;0;0;0;400;402.01;401.47;231.62;401.16;18697.18;;
12-07-2026 07:40:00;0;0;0;0;400.26;402.81;401.31;231.79;401.46;18697.18;;
12-07-2026 07:45:00;0;0;0;0;400.1;402.68;401.02;231.68;401.27;18697.18;;
12-07-2026 07:50:00;0;0;0;0;397.04;400.36;398.9;230.24;398.76;18697.18;;
12-07-2026 07:55:00;0;0;0;0;403.05;405.79;404.57;233.53;404.47;18697.18;;
12-07-2026 08:00:00;0;0;0;0;404.28;406.47;405.1;233.99;405.28;18697.18;;
12-07-2026 08:05:00;0;0;0;0;402.43;403.66;403.71;232.83;403.27;18697.18;;
12-07-2026 08:10:00;0;0;0;0;401.56;403.07;403.02;232.42;402.55;18697.18;;
12-07-2026 08:15:00;0;0;0;0;399.81;401.58;401.18;231.44;400.85;18697.18;;
12-07-2026 08:20:00;0;0;0;0;405.49;406.17;406.25;234.39;405.97;18697.18;;
12-07-2026 08:25:00;0;0;0;0;412.83;414.31;412.91;238.65;413.35;18697.18;;
12-07-2026 08:30:00;0;0;0;0;410.59;411.05;410.5;237.13;410.71;18697.18;;
12-07-2026 08:35:00;0;0;0;0;408.05;408.63;407.44;235.59;408.04;18697.18;;
12-07-2026 08:40:00;0;0;0;0;408.75;410.74;409.97;236.62;409.82;18697.18;;
12-07-2026 08:45:00;0;0;0;0;408.57;411.07;409.23;236.5;409.62;18697.18;;
12-07-2026 08:50:00;0;0;0;0;409.05;409.84;408.82;236.28;409.24;18697.18;;
12-07-2026 08:55:00;0;0;0;0;411.23;412.01;411.14;237.56;411.46;18697.18;;
12-07-2026 09:00:00;0;0;0;0;411.2;411.82;411.31;237.55;411.44;18697.18;;
12-07-2026 09:05:00;0;0;0;0;410.51;411.96;411.03;237.39;411.16;18697.18;;
12-07-2026 09:10:00;0;0;0;0;414.21;414.72;414.36;239.27;414.43;18697.18;;
12-07-2026 09:15:00;0;0;0;0;412.24;414.37;413.48;238.66;413.36;18697.18;;
12-07-2026 09:20:00;0;0;0;0;410.08;410.65;410.89;237.03;410.54;18697.18;;
12-07-2026 09:25:00;0;0;0;0;406.73;408.07;407.46;235.23;407.42;18697.18;;
12-07-2026 09:30:00;0;0;0;0;410.7;411.76;411.11;237.41;411.19;18697.18;;
12-07-2026 09:35:00;0;0;0;0;409.48;410.23;408.72;236.41;409.48;18697.18;;
12-07-2026 09:40:00;0;0;0;0;400.55;401.04;400.71;231.39;400.76;18697.18;;
12-07-2026 09:45:00;0;0;0;0;408.55;408.56;409.91;236.14;409;18697.18;;
12-07-2026 09:50:00;0;0;0;0;412.66;413.11;412.58;238.33;412.79;18697.18;;
12-07-2026 09:55:00;0;0;0;0;418.58;418.81;419.25;241.84;418.88;18697.18;;
12-07-2026 10:00:00;0;0;0;0;414.33;414.52;413.75;239.14;414.2;18697.18;;
12-07-2026 10:05:00;0;0;0;0;413.98;414.56;414.05;239.14;414.2;18697.18;;
12-07-2026 10:10:00;0;0;0;0;410.91;412.25;412.07;237.73;411.74;18697.18;;
12-07-2026 10:15:00;0;0;0;0;406.86;408.3;408.98;235.59;408.04;18697.18;;
12-07-2026 10:20:00;0;0;0;0;407.76;409.17;410.97;236.32;409.3;18697.18;;
12-07-2026 10:25:00;0;0;0;0;408.09;409.3;409.87;236.19;409.09;18697.18;;
12-07-2026 10:30:00;0;0;0;0;406.28;407.91;408.52;235.32;407.57;18697.18;;
12-07-2026 10:35:00;0;0;0;0;406.17;407.2;408.45;235.15;407.27;18697.18;;
12-07-2026 10:40:00;0;0;0;0;405.05;406;407.77;234.57;406.27;18697.18;;
12-07-2026 10:45:00;0;0;0;0;405.44;407.11;407.39;234.78;406.65;18697.18;;
12-07-2026 10:50:00;0;0;0;0;408.98;410.42;409.19;236.44;409.53;18697.18;;
12-07-2026 10:55:00;0;0;0;0;413.69;414.99;414.2;239.2;414.29;18697.18;;
12-07-2026 11:00:00;0;0;0;0;417.87;418.8;417.59;241.39;418.09;18697.18;;
12-07-2026 11:05:00;0;0;0;0;410.66;412.04;410.94;237.42;411.21;18697.18;;
12-07-2026 11:10:00;0;0;0;0;408.94;410.57;409.36;236.5;409.62;18697.18;;
12-07-2026 11:15:00;0;0;0;0;406.32;407.35;406.51;234.83;406.73;18697.18;;
12-07-2026 11:20:00;0;0;0;0;407.09;408.5;407.38;235.36;407.66;18697.18;;
12-07-2026 11:25:00;0;0;0;0;407.24;408.88;407.55;235.5;407.89;18697.18;;
12-07-2026 11:30:00;0;0;0;0;406;407.51;406.57;234.81;406.69;18697.18;;
12-07-2026 11:35:00;0;0;0;0;408.35;409.4;408.22;235.94;408.66;18697.18;;
12-07-2026 11:40:00;0;0;0;0;403.9;406.24;405.64;233.98;405.26;18697.18;;
12-07-2026 11:45:00;0;0;0;0;406.28;407.2;406.1;234.71;406.53;18697.18;;
12-07-2026 11:50:00;0;0;0;0;408.83;410.66;409.62;236.54;409.7;18697.18;;
12-07-2026 11:55:00;0;0;0;0;408.31;409.39;408.38;235.96;408.69;18697.18;;
12-07-2026 12:00:00;0;0;0;0;407.38;408.27;407.29;235.36;407.65;18697.18;;
12-07-2026 12:05:00;0;0;0;0;402.42;404.82;404.64;233.23;403.96;18697.18;;
12-07-2026 12:10:00;0;0;0;0;402.75;404.64;404.67;233.27;404.02;18697.18;;
12-07-2026 12:15:00;0;0;0;0;404.73;405.78;404.89;233.91;405.13;18697.18;;
12-07-2026 12:20:00;0;0;0;0;403.68;404.98;405.18;233.61;404.61;18697.18;;
12-07-2026 12:25:00;0;0;0;0;403.32;403.97;403.44;233.01;403.58;18697.18;;
12-07-2026 12:30:00;0;0;0;0;401.87;403.17;402.16;232.33;402.4;18697.18;;
12-07-2026 12:35:00;0;0;0;0;401.1;402.04;402.19;231.97;401.78;18697.18;;
12-07-2026 12:40:00;0;0;0;0;401.64;402.28;402.13;232.11;402.02;18697.18;;
12-07-2026 12:45:00;0;0;0;0;401.09;402.47;402.05;232.02;401.87;18697.18;;
12-07-2026 12:50:00;0;0;0;0;398.98;400.55;400.61;230.97;400.04;18697.18;;
12-07-2026 12:55:00;0;0;0;0;401.73;402.66;401.68;232.11;402.02;18697.18;;
12-07-2026 13:00:00;0;0;0;0;401.67;402.98;402.74;232.37;402.46;18697.18;;
12-07-2026 13:05:00;0;0;0;0;405.91;406.98;406.98;234.77;406.62;18697.18;;
12-07-2026 13:10:00;0;0;0;0;406.03;407.34;407.21;234.9;406.86;18697.18;;
12-07-2026 13:15:00;0;0;0;0;406.43;406.58;407.73;234.93;406.91;18697.18;;
12-07-2026 13:20:00;0;0;0;0;405.71;407.47;407.89;235;407.02;18697.18;;
12-07-2026 13:25:00;0;0;0;0;407.43;410.1;408.5;235.95;408.68;18697.18;;
12-07-2026 13:30:00;0;0;0;0;408.14;409.1;409.69;236.13;408.98;18697.18;;
12-07-2026 13:35:00;0;0;0;0;405.69;407.92;407.4;234.99;407;18697.18;;
12-07-2026 13:40:00;0;0;0;0;404.42;405.38;405.61;233.91;405.14;18697.18;;
12-07-2026 13:45:00;0;0;0;0;406.25;408.12;408.09;235.27;407.49;18697.18;;
12-07-2026 13:50:00;0;0;0;0;405.68;407.73;407.62;234.99;407.01;18697.18;;
12-07-2026 13:55:00;0;0;0;0;406.66;407.48;408.75;235.35;407.63;18697.18;;
12-07-2026 14:00:00;0;0;0;0;408.88;409.86;409.52;236.38;409.42;18697.18;;
12-07-2026 14:05:00;0;0;0;0;403.11;405.47;405.14;233.59;404.57;18697.18;;
12-07-2026 14:10:00;0;0;0;0;401.78;404.72;403.97;232.96;403.49;18697.18;;
12-07-2026 14:15:00;0;0;0;0;404.86;404.91;405.8;233.94;405.19;18697.18;;
12-07-2026 14:20:00;0;0;0;0;404.14;405.95;406.16;234.07;405.42;18697.18;;
12-07-2026 14:25:00;0;0;0;0;400.17;402.54;401.6;231.77;401.44;18697.18;;
12-07-2026 14:30:00;0;0;0;0;400.77;401.74;402.51;231.91;401.68;18697.18;;
12-07-2026 14:35:00;0;0;0;0;402.62;404.08;403.91;232.99;403.54;18697.18;;
12-07-2026 14:40:00;0;0;0;0;401.15;403.19;401.97;232.16;402.1;18697.18;;
12-07-2026 14:45:00;0;0;0;0;400.85;402.28;401.98;231.93;401.7;18697.18;;
12-07-2026 14:50:00;0;0;0;0;402.31;403.37;402.31;232.48;402.66;18697.18;;
12-07-2026 14:55:00;0;0;0;0;402.16;403.16;403.22;232.59;402.85;18697.18;;
12-07-2026 15:00:00;0;0;0;0;402.59;403.12;403.14;232.65;402.95;18697.18;;
12-07-2026 15:05:00;0;0;0;0;402.34;403.91;403.29;232.78;403.18;18697.18;;
12-07-2026 15:10:00;0;0;0;0;405.07;406.51;406;234.33;405.86;18697.18;;
12-07-2026 15:15:00;0;0;0;0;404.62;406.51;405.34;234.11;405.49;18697.18;;
12-07-2026 15:20:00;0;0;0;0;401.93;403.02;403.22;232.52;402.72;18697.18;;
12-07-2026 15:25:00;0;0;0;0;405.62;406.14;406.14;234.39;405.97;18697.18;;
12-07-2026 15:30:00;0;0;0;0;406.32;406.86;406.72;234.77;406.63;18697.18;;
12-07-2026 15:35:00;0;0;0;0;408.86;410.38;409.94;236.56;409.73;18697.18;;
12-07-2026 15:40:00;0;0;0;0;411.53;411.62;411.25;237.56;411.46;18697.18;;
12-07-2026 15:45:00;0;0;0;0;412.66;412.19;412.44;238.12;412.43;18697.18;;
12-07-2026 15:50:00;0;0;0;0;411.95;412.96;411.97;238.04;412.29;18697.18;;
12-07-2026 15:55:00;0;0;0;0;412.41;412.02;412.57;238.06;412.33;18697.18;;
12-07-2026 16:00:00;0;0;0;0;411.22;412.11;412.2;237.78;411.85;18697.18;;
12-07-2026 16:05:00;0;0;0;0;409.8;410.66;410.73;236.95;410.4;18697.18;;
12-07-2026 16:10:00;0;0;0;0;409.97;410.03;409.57;236.63;409.86;18697.18;;
12-07-2026 16:15:00;0;0;0;0;410.43;412.21;410.85;237.39;411.16;18697.18;;
12-07-2026 16:20:00;0;0;0;0;409.85;409.66;409.7;236.56;409.74;18697.18;;
12-07-2026 16:25:00;0;0;0;0;410.4;411.24;410.24;237.08;410.63;18697.18;;
12-07-2026 16:30:00;0;0;0;0;411.79;413.07;412.92;238.21;412.59;18697.18;;
12-07-2026 16:35:00;0;0;0;0;412.44;413.1;412.69;238.3;412.74;18697.18;;
12-07-2026 16:40:00;0;0;0;0;413.41;412.86;413.65;238.62;413.31;18697.18;;
12-07-2026 16:45:00;0;0;0;0;414.55;415.72;415.27;239.71;415.18;18697.18;;
12-07-2026 16:50:00;0;0;0;0;409.93;410.77;410.66;236.98;410.45;18697.18;;
12-07-2026 16:55:00;0;0;0;0;409.59;410.28;410.38;236.76;410.08;18697.18;;
12-07-2026 17:00:00;0;0;0;0;410.67;412.17;411.62;237.58;411.49;18697.18;;
12-07-2026 17:05:00;0;0;0;0;412.34;414.03;413.3;238.58;413.22;18697.18;;
12-07-2026 17:10:00;0;0;0;0;410.87;412.16;411.84;237.65;411.62;18697.18;;
12-07-2026 17:15:00;0;0;0;0;410.44;412.48;410.91;237.45;411.28;18697.18;;
12-07-2026 17:20:00;0;0;0;0;412.2;414.15;412.57;238.43;412.97;18697.18;;
12-07-2026 17:25:00;0;0;0;0;412.08;414.88;412.86;238.61;413.27;18697.18;;
12-07-2026 17:30:00;0;0;0;0;411.81;413.5;412.6;238.24;412.63;18697.18;;
12-07-2026 17:35:00;0;0;0;0;413.23;415.12;413.28;238.96;413.88;18697.18;;
12-07-2026 17:40:00;0;0;0;0;412.7;414.47;413.6;238.79;413.59;18697.18;;
12-07-2026 17:45:00;0;0;0;0;411.98;413.45;412.78;238.3;412.74;18697.18;;
12-07-2026 17:50:00;0;0;0;0;413.72;415.7;414.65;239.42;414.69;18697.18;;
12-07-2026 17:55:00;0;0;0;0;412.34;414.51;413.35;238.68;413.4;18697.18;;
12-07-2026 18:00:00;0;0;0;0;415.13;417.05;416.2;240.25;416.13;18697.18;;
12-07-2026 18:05:00;0;0;0;0;410.95;413.05;411.94;237.86;411.98;18697.18;;
12-07-2026 18:10:00;0;0;0;0;409.6;412.19;411.06;237.27;410.95;18697.18;;
12-07-2026 18:15:00;0;0;0;0;409.51;411.29;410.44;236.95;410.41;18697.18;;
12-07-2026 18:20:00;0;0;0;0;408.58;410.09;409.9;236.44;409.53;18697.18;;
12-07-2026 18:25:00;0;0;0;0;407.86;409.56;408.7;235.97;408.71;18697.18;;
12-07-2026 18:30:00;0;0;0;0;408.87;410.5;409.58;236.51;409.65;18697.18;;
12-07-2026 18:35:00;0;0;0;0;408.76;411.39;409.58;236.66;409.91;18697.18;;
12-07-2026 18:40:00;0;0;0;0;409.33;410.65;409.99;236.71;409.99;18697.18;;
12-07-2026 18:45:00;0;0;0;0;407.35;410.45;408.66;236.03;408.82;18697.18;;
12-07-2026 18:50:00;0;0;0;0;406.58;409.03;407.36;235.36;407.65;18697.18;;
12-07-2026 18:55:00;0;0;0;0;408.48;410.51;409.83;236.49;409.61;18697.18;;
12-07-2026 19:00:00;0;0;0;0;409.01;410.64;410.22;236.69;409.96;18697.18;;
12-07-2026 19:05:00;0;0;0;0;408.92;411.56;410.09;236.83;410.19;18697.18;;
12-07-2026 19:10:00;0;0;0;0;409.52;410.73;410.26;236.81;410.17;18697.18;;
12-07-2026 19:15:00;0;0;0;0;408.46;411.06;409.95;236.62;409.82;18697.18;;
12-07-2026 19:20:00;0;0;0;0;408.67;410.88;410.56;236.74;410.04;18697.18;;
12-07-2026 19:25:00;0;0;0;0;409.4;411.57;411.25;237.15;410.74;18697.18;;
12-07-2026 19:30:00;0;0;0;0;408.08;408.95;409.98;236.14;409;18697.18;;
12-07-2026 19:35:00;0;0;0;0;409.82;411.83;411.8;237.39;411.15;18697.18;;
12-07-2026 19:40:00;0;0;0;0;409.59;412.39;411.06;237.3;411.01;18697.18;;
12-07-2026 19:45:00;0;0;0;0;408.46;410.56;410.59;236.65;409.87;18697.18;;
12-07-2026 19:50:00;0;0;0;0;409.06;411.06;411.26;236.99;410.46;18697.18;;
12-07-2026 19:55:00;0;0;0;0;409.29;411.83;411.48;237.22;410.86;18697.18;;
12-07-2026 20:00:00;0;0;0;0;410.17;412.17;412.16;237.59;411.5;18697.18;;
12-07-2026 20:05:00;0;0;0;0;410.65;413.12;412.64;237.95;412.14;18697.18;;
12-07-2026 20:10:00;0;0;0;0;411.06;414.02;413.18;238.31;412.75;18697.18;;
12-07-2026 20:15:00;0;0;0;0;406.42;408.44;408.06;235.36;407.64;18697.18;;
12-07-2026 20:20:00;0;0;0;0;405.8;408.26;407.39;235.07;407.15;18697.18;;
12-07-2026 20:25:00;0;0;0;0;406.12;408.4;408.16;235.31;407.56;18697.18;;
12-07-2026 20:30:00;0;0;0;0;407.73;410.01;409.34;236.16;409.03;18697.18;;
12-07-2026 20:35:00;0;0;0;0;405.7;408.38;407.03;235.01;407.04;18697.18;;
12-07-2026 20:40:00;0;0;0;0;405.7;408.21;406.84;234.94;406.91;18697.18;;
12-07-2026 20:45:00;0;0;0;0;404.73;407.55;406.42;234.54;406.24;18697.18;;
12-07-2026 20:50:00;0;0;0;0;404.7;407.31;405.48;234.31;405.83;18697.18;;
12-07-2026 20:55:00;0;0;0;0;406.09;407.71;407.21;234.98;407;18697.18;;
12-07-2026 21:00:00;0;0;0;0;404.86;407.92;406.46;234.65;406.42;18697.18;;
12-07-2026 21:05:00;0;0;0;0;404.69;406.66;405.84;234.25;405.73;18697.18;;
12-07-2026 21:10:00;0;0;0;0;404.45;407.21;405.76;234.3;405.81;18697.18;;
12-07-2026 21:15:00;0;0;0;0;404.03;407.01;405.63;234.15;405.56;18697.18;;
12-07-2026 21:20:00;0;0;0;0;404.48;406;405.79;234.07;405.42;18697.18;;
12-07-2026 21:25:00;0;0;0;0;404.93;408.23;406.24;234.68;406.47;18697.18;;
12-07-2026 21:30:00;0;0;0;0;405.28;407.9;405.97;234.63;406.38;18697.18;;
12-07-2026 21:35:00;0;0;0;0;406.76;409.62;407.73;235.58;408.04;18697.18;;
12-07-2026 21:40:00;0;0;0;0;405.37;407.89;407.09;234.86;406.78;18697.18;;
12-07-2026 21:45:00;0;0;0;0;407.96;410.18;408.42;236.05;408.85;18697.18;;
12-07-2026 21:50:00;0;0;0;0;406.35;408.37;406.99;235.12;407.24;18697.18;;
12-07-2026 21:55:00;0;0;0;0;408.33;411.09;409.33;236.48;409.58;18697.18;;
12-07-2026 22:00:00;0;0;0;0;408.66;410.86;409.15;236.46;409.55;18697.18;;
12-07-2026 22:05:00;0;0;0;0;406.53;409.4;407.6;235.47;407.85;18697.18;;
12-07-2026 22:10:00;0;0;0;0;405.42;407.28;406.72;234.68;406.47;18697.18;;
12-07-2026 22:15:00;0;0;0;0;406.24;407.8;407.34;235.06;407.13;18697.18;;
12-07-2026 22:20:00;0;0;0;0;406.1;409.31;407.42;235.34;407.61;18697.18;;
12-07-2026 22:25:00;0;0;0;0;407.05;408.75;408.19;235.56;408;18697.18;;
12-07-2026 22:30:00;0;0;0;0;406.99;409.66;407.88;235.66;408.17;18697.18;;
12-07-2026 22:35:00;0;0;0;0;408.64;411.14;409.73;236.62;409.83;18697.18;;
12-07-2026 22:40:00;0;0;0;0;409.77;412.41;411.05;237.34;411.08;18697.18;;
12-07-2026 22:45:00;0;0;0;0;407.65;409.77;408.99;236.03;408.8;18697.18;;
12-07-2026 22:50:00;0;0;0;0;408.41;409.54;409.36;236.2;409.1;18697.18;;
12-07-2026 22:55:00;0;0;0;0;409.44;412.57;410.47;237.2;410.83;18697.18;;
12-07-2026 23:00:00;0;0;0;0;409.45;411.42;410.78;237.03;410.55;18697.18;;
12-07-2026 23:05:00;0;0;0;0;410.38;413.18;412.04;237.8;411.87;18697.18;;
12-07-2026 23:10:00;0;0;0;0;411.16;413.97;412.54;238.19;412.56;18697.18;;
12-07-2026 23:15:00;0;0;0;0;410.29;413.44;411.64;237.75;411.79;18697.18;;
12-07-2026 23:20:00;0;0;0;0;410.67;413.27;411.37;237.74;411.77;18697.18;;
12-07-2026 23:25:00;0;0;0;0;411.14;413.68;412.23;238.07;412.35;18697.18;;
12-07-2026 23:30:00;0;0;0;0;412.71;414.27;413.49;238.73;413.49;18697.18;;
12-07-2026 23:35:00;0;0;0;0;412.37;415.16;413.35;238.81;413.63;18697.18;;
12-07-2026 23:40:00;0;0;0;0;414.37;417.22;415.64;240.03;415.74;18697.18;;
12-07-2026 23:45:00;0;0;0;0;408.93;411.51;410.08;236.82;410.17;18697.18;;
12-07-2026 23:50:00;0;0;0;0;409.92;411.75;410.5;237.13;410.72;18697.18;;
12-07-2026 23:55:00;0;0;0;0;409.19;412.11;409.71;236.91;410.34;18697.18;;
13-07-2026 00:00:00;0;0;0;0;409.22;411.62;410.06;236.89;410.3;18697.18;;
13-07-2026 00:05:00;0;0;0;0;407.3;409.75;408.42;235.85;408.49;18697.18;;
13-07-2026 00:10:00;0;0;0;0;408.02;410.01;408.72;236.09;408.92;18697.18;;
13-07-2026 00:15:00;0;0;0;0;405.74;408.03;406.87;234.92;406.88;18697.18;;
13-07-2026 00:20:00;0;0;0;0;405.94;409.02;407.03;235.18;407.33;18697.18;;
13-07-2026 00:25:00;0;0;0;0;406.95;409.73;408.35;235.76;408.34;18697.18;;
13-07-2026 00:30:00;0;0;0;0;405.9;408.03;407.19;235.01;407.04;18697.18;;
13-07-2026 00:35:00;0;0;0;0;405.11;407.2;406.73;234.61;406.35;18697.18;;
13-07-2026 00:40:00;0;0;0;0;405.39;408.14;406.33;234.77;406.62;18697.18;;
13-07-2026 00:45:00;0;0;0;0;405.6;407.59;406.54;234.74;406.58;18697.18;;
13-07-2026 00:50:00;0;0;0;0;406.76;409.15;407.76;235.5;407.89;18697.18;;
13-07-2026 00:55:00;0;0;0;0;407.86;410.14;407.87;235.92;408.62;18697.18;;
13-07-2026 01:00:00;0;0;0;0;406.97;409.21;408.35;235.66;408.18;18697.18;;
13-07-2026 01:05:00;0;0;0;0;407.84;410.68;409.13;236.26;409.22;18697.18;;
13-07-2026 01:10:00;0;0;0;0;407.61;409.97;408.53;235.97;408.7;18697.18;;
13-07-2026 01:15:00;0;0;0;0;407.75;410.47;408.91;236.17;409.05;18697.18;;
13-07-2026 01:20:00;0;0;0;0;408.76;411.61;409.94;236.78;410.1;18697.18;;
13-07-2026 01:25:00;0;0;0;0;408.52;410.62;409.76;236.5;409.63;18697.18;;
13-07-2026 01:30:00;0;0;0;0;409.29;411.92;410.06;236.96;410.42;18697.18;;
13-07-2026 01:35:00;0;0;0;0;408.98;412.04;409.85;236.89;410.29;18697.18;;
13-07-2026 01:40:00;0;0;0;0;408.63;410.82;409.68;236.55;409.71;18697.18;;
13-07-2026 01:45:00;0;0;0;0;409.86;412.57;410.19;237.22;410.87;18697.18;;
13-07-2026 01:50:00;0;0;0;0;408.58;411.39;410;236.71;409.99;18697.18;;
13-07-2026 01:55:00;0;0;0;0;409.55;412.01;409.96;237.01;410.51;18697.18;;
13-07-2026 02:00:00;0;0;0;0;410.19;412.65;411.18;237.49;411.34;18697.18;;
13-07-2026 02:05:00;0;0;0;0;409.94;412.97;410.99;237.47;411.3;18697.18;;
13-07-2026 02:10:00;0;0;0;0;408.9;411.74;409.63;236.77;410.09;18697.18;;
13-07-2026 02:15:00;0;0;0;0;410.22;412.77;411.01;237.49;411.33;18697.18;;
13-07-2026 02:20:00;0;0;0;0;409.34;412.47;410.13;237.09;410.65;18697.18;;
13-07-2026 02:25:00;0;0;0;0;409.05;411.27;410.15;236.81;410.16;18697.18;;
13-07-2026 02:30:00;0;0;0;0;409.59;412.68;410.65;237.28;410.97;18697.18;;
13-07-2026 02:35:00;0;0;0;0;409.88;412.47;411.05;237.37;411.13;18697.18;;
13-07-2026 02:40:00;0;0;0;0;409.75;412.44;410.76;237.29;410.98;18697.18;;
13-07-2026 02:45:00;0;0;0;0;409.25;412.21;410.52;237.1;410.66;18697.18;;
13-07-2026 02:50:00;0;0;0;0;410.16;413.13;411.55;237.65;411.61;18697.18;;
13-07-2026 02:55:00;0;0;0;0;409.17;412.09;410.47;237.05;410.58;18697.18;;
13-07-2026 03:00:00;0;0;0;0;410.78;413.52;412.01;237.93;412.1;18697.18;;
13-07-2026 03:05:00;0;0;0;0;410.75;414.05;411.88;238;412.23;18697.18;;
13-07-2026 03:10:00;0;0;0;0;409.66;412.43;410.65;237.25;410.91;18697.18;;
13-07-2026 03:15:00;0;0;0;0;409.1;411.63;410.48;236.95;410.41;18697.18;;
13-07-2026 03:20:00;0;0;0;0;408.93;411.44;410.4;236.87;410.26;18697.18;;
13-07-2026 03:35:00;0;0;0;0;407.6;410.46;408.77;236.11;408.94;18697.18;;
13-07-2026 03:40:00;0;0;0;0;408.37;410.95;409.63;236.52;409.65;18697.18;;
13-07-2026 03:45:00;0;0;0;0;410.05;412.85;411.31;237.53;411.41;18697.18;;
13-07-2026 03:50:00;0;0;0;0;410.01;411.73;411;237.24;410.91;18697.18;;
13-07-2026 03:55:00;0;0;0;0;411.24;413.23;411.36;237.84;411.95;18697.18;;
13-07-2026 04:00:00;0;0;0;0;411.33;414.36;412.35;238.26;412.68;18697.18;;
13-07-2026 04:05:00;0;0;0;0;410.07;412.73;411.5;237.54;411.43;18697.18;;
13-07-2026 04:10:00;0;0;0;0;408.56;410.36;408.94;236.3;409.28;18697.18;;
13-07-2026 04:15:00;0;0;0;0;409.17;410.75;409.83;236.67;409.92;18697.18;;
13-07-2026 04:20:00;0;0;0;0;410.17;412.72;410.62;237.39;411.17;18697.18;;
13-07-2026 04:25:00;0;0;0;0;409.42;411.97;409.87;236.96;410.42;18697.18;;
13-07-2026 04:30:00;0;0;0;0;408.59;411.09;409.2;236.5;409.63;18697.18;;
13-07-2026 04:35:00;0;0;0;0;408.63;410.16;408.9;236.27;409.23;18697.18;;
13-07-2026 04:40:00;0;0;0;0;408.69;410.98;408.66;236.4;409.44;18697.18;;
13-07-2026 04:45:00;0;0;0;0;407.21;409.95;407.43;235.68;408.2;18697.18;;
13-07-2026 04:50:00;0;0;0;0;406.16;408.84;407;235.18;407.33;18697.18;;
13-07-2026 04:55:00;0;0;0;0;405.08;407.77;405.5;234.48;406.12;18697.18;;
13-07-2026 05:00:00;0;0;0;0;406.17;407.34;405.99;234.7;406.5;18697.18;;
13-07-2026 05:05:00;0;0;0;0;404;407.45;405.21;234.15;405.55;18697.18;;
13-07-2026 05:10:00;0;0;0;0;402.59;405.78;403.14;233.16;403.84;18697.18;;
13-07-2026 05:15:00;0;0;0;0;402.33;405.25;403.71;233.12;403.76;18697.18;;
13-07-2026 05:20:00;0;0;0;0;402.1;404.68;403.07;232.84;403.28;18697.18;;
13-07-2026 05:25:00;0;0;0;0;405.69;408.02;405.93;234.72;406.55;18697.18;;
13-07-2026 05:30:00;0;0;0;0;406.16;408.25;406.32;234.93;406.91;18697.18;;
13-07-2026 05:35:00;0;0;0;0;405.5;407.76;406.24;234.7;406.5;18697.18;;
13-07-2026 05:40:00;0;0;0;0;401.25;402.86;401.76;232.07;401.96;18697.18;;
13-07-2026 05:45:00;0;0;0;0;406.94;408.78;407.13;235.34;407.62;18697.18;;
13-07-2026 05:50:00;0;0;0;0;406.61;408.55;407.25;235.26;407.47;18697.18;;
13-07-2026 05:55:00;0;0;0;0;407.78;409.61;407.9;235.81;408.43;18697.18;;
13-07-2026 06:00:00;0;0;0;0;408.78;411;408.62;236.41;409.47;18697.18;;
13-07-2026 06:05:00;0;0;0;0;407.17;408.84;407.99;235.56;408;18697.18;;
13-07-2026 06:10:00;0;0;0;0;403;405.11;403.28;233.13;403.8;18697.18;;
13-07-2026 06:15:00;0;0;0;0;404;406.2;404.34;233.74;404.85;18697.18;;
13-07-2026 06:20:00;0;0;0;0;403.98;406.31;404.25;233.74;404.84;18697.18;;
13-07-2026 06:25:00;0;0;0;0;402.31;404.4;402.86;232.78;403.19;18697.18;;
13-07-2026 06:30:00;0;0;0;0;408.02;410.4;408.86;236.19;409.09;18697.18;;
13-07-2026 06:35:00;0;0;0;0;408.78;410.92;409.35;236.53;409.68;18697.18;;
13-07-2026 06:40:00;0;0;0;0;408.25;410;408.62;236.11;408.95;18697.18;;
13-07-2026 06:45:00;0;0;0;0;406.55;408.11;406.58;235.03;407.08;18697.18;;
13-07-2026 06:50:00;0;0;0;0;402.79;404.74;403.91;233.14;403.81;18697.18;;
13-07-2026 06:55:00;0;0;0;0;407.75;409.48;407.74;235.75;408.32;18697.18;;
13-07-2026 07:00:00;0;0;0;0;404.37;406.3;405.65;234.09;405.44;18697.18;;
13-07-2026 07:05:00;0;0;0;0;404.16;404.75;405.04;233.63;404.65;18697.18;;
13-07-2026 07:10:00;0;0;0;0;403.31;405.16;404.41;233.42;404.29;18697.18;;
13-07-2026 07:15:00;0;0;0;0;401.27;402.93;401.75;232.09;401.98;18697.18;;
13-07-2026 07:20:00;0;0;0;0;405.21;407.04;406.61;234.57;406.28;18697.18;;
13-07-2026 07:25:00;0;0;0;0;400.79;401.78;402.47;231.92;401.68;18697.18;;
13-07-2026 07:30:00;0;0;0;0;399.56;400.31;401.14;231.14;400.34;18697.18;;
13-07-2026 07:35:00;0;0;0;0;402.76;404.76;404.13;233.19;403.88;18697.18;;
13-07-2026 07:40:00;0;0;0;0;399.16;400.89;400.5;231.05;400.18;18697.18;;
13-07-2026 07:45:00;0;0;0;0;415.9;417.9;416.48;240.62;416.76;18697.18;;
13-07-2026 07:50:00;0;0;0;0;418.29;419.92;419.08;241.97;419.1;18697.18;;
13-07-2026 07:55:00;0;0;0;0;417.88;420.35;418.55;241.87;418.93;18697.18;;
13-07-2026 08:00:00;0;0;0;0;417.77;419.19;418.24;241.57;418.4;18697.18;;
13-07-2026 08:05:00;0;0;0;0;410.01;412.18;411.72;237.47;411.31;18697.18;;
13-07-2026 08:10:00;0;0;0;0;411.93;414.07;413.52;238.55;413.17;18697.18;;
13-07-2026 08:15:00;0;0;0;0;413.3;414.99;415.05;239.29;414.45;18697.18;;
13-07-2026 08:20:00;0;0;0;0;415.62;417.2;417.07;240.55;416.63;18697.18;;
13-07-2026 08:25:00;0;0;0;0;413.02;414.96;414.56;239.13;414.18;18697.18;;
13-07-2026 08:30:00;0;0;0;0;411.03;412.08;412.11;237.72;411.74;18697.18;;
13-07-2026 08:35:00;0;0;0;0;415.95;417.42;416.96;240.63;416.78;18697.18;;
13-07-2026 08:40:00;0;0;0;0;412.28;413.92;413.77;238.64;413.32;18697.18;;
13-07-2026 08:45:00;0;0;0;0;418.97;420.28;420.29;242.4;419.85;18697.18;;
13-07-2026 08:50:00;0;0;0;0;419.18;420.71;420.78;242.62;420.22;18697.18;;
13-07-2026 08:55:00;0;0;0;0;419.31;420.75;420.42;242.58;420.16;18697.18;;
13-07-2026 09:00:00;0;0;0;0;418.22;419.58;419.66;242;419.16;18697.18;;
13-07-2026 09:05:00;0;0;0;0;412.61;414.12;414.04;238.79;413.59;18697.18;;
13-07-2026 09:10:00;0;0;0;0;414.67;415.48;415.39;239.71;415.18;18697.18;;
13-07-2026 09:15:00;0;0;0;0;408.16;409.34;409.03;236.05;408.84;18697.18;;
13-07-2026 09:20:00;0;0;0;0;411.33;411.88;411.66;237.65;411.62;18697.18;;
13-07-2026 09:25:00;0;0;0;0;407.37;408.71;408.66;235.7;408.25;18697.18;;
13-07-2026 09:30:00;0;0;0;0;404.93;406.25;405.96;234.24;405.71;18697.18;;
13-07-2026 09:35:00;0;0;0;0;404.42;405.84;406.16;234.11;405.47;18697.18;;
13-07-2026 09:40:00;0;0;0;0;405.72;406.83;407.26;234.76;406.6;18697.18;;
13-07-2026 09:45:00;0;0;0;0;402.27;404.37;403.98;232.99;403.54;18697.18;;
13-07-2026 09:50:00;0;0;0;0;402.88;404.11;404.63;233.18;403.87;18697.18;;
13-07-2026 09:55:00;0;0;0;0;401.93;403.68;403.48;232.7;403.03;18697.18;;
13-07-2026 10:00:00;0;0;0;0;402.13;403.89;404.33;232.94;403.45;18697.18;;
13-07-2026 10:05:00;0;0;0;0;401.51;403.08;403.24;232.45;402.61;18697.18;;
13-07-2026 10:10:00;0;0;0;0;395.39;397.42;397.6;229.11;396.81;18697.18;;
13-07-2026 10:15:00;0;0;0;0;406.73;408.66;409.6;235.77;408.33;18697.18;;
13-07-2026 10:20:00;0;0;0;0;406.05;407.49;408.66;235.23;407.4;18697.18;;
13-07-2026 10:25:00;0;0;0;0;407.41;409.1;409.49;235.96;408.67;18697.18;;
13-07-2026 10:30:00;0;0;0;0;408.83;410.63;411.68;236.96;410.38;18697.18;;
13-07-2026 10:35:00;0;0;0;0;415.73;417.49;417.98;240.8;417.06;18697.18;;
13-07-2026 10:40:00;0;0;0;0;416.41;418.63;418.67;241.28;417.9;18697.18;;
13-07-2026 10:45:00;0;0;0;0;414.72;415.95;417.15;240.16;415.94;18697.18;;
13-07-2026 10:50:00;0;0;0;0;417.71;418.79;419.41;241.71;418.64;18697.18;;
13-07-2026 10:55:00;0;0;0;0;414.23;416.21;416.26;239.94;415.57;18697.18;;
13-07-2026 11:00:00;0;0;0;0;418.22;419.73;419.23;241.95;419.06;18697.18;;
13-07-2026 11:05:00;0;0;0;0;411.57;412.6;412.42;237.99;412.2;18697.18;;
13-07-2026 11:10:00;0;0;0;0;410.15;411.25;411.22;237.22;410.87;18697.18;;
13-07-2026 11:15:00;0;0;0;0;406;407.5;406.9;234.87;406.8;18697.18;;
13-07-2026 11:20:00;0;0;0;0;405.09;405.91;405.88;234.19;405.63;18697.18;;
13-07-2026 11:25:00;0;0;0;0;403.19;404.73;404.8;233.39;404.24;18697.18;;
13-07-2026 11:30:00;0;0;0;0;408.04;408.99;408.99;235.95;408.67;18697.18;;
13-07-2026 11:35:00;0;0;0;0;411.86;412.68;412.68;238.11;412.41;18697.18;;
13-07-2026 11:40:00;0;0;0;0;412.34;413.43;413.69;238.54;413.15;18697.18;;
13-07-2026 11:45:00;0;0;0;0;409.76;411.76;411.91;237.38;411.14;18697.18;;
13-07-2026 11:50:00;0;0;0;0;410.66;412.5;412.99;237.91;412.05;18697.18;;
13-07-2026 11:55:00;0;0;0;0;407.89;409.05;410.43;236.22;409.12;18697.18;;
13-07-2026 12:00:00;0;0;0;0;410.54;412.64;412.39;237.79;411.86;18697.18;;
13-07-2026 12:05:00;0;0;0;0;405.89;407.22;408.4;235.09;407.17;18697.18;;
13-07-2026 12:10:48;0;0;0;0;398.99;400;402.27;231.2;400.42;18697.18;;
13-07-2026 12:15:00;0;0;0;0;398.99;400.1;402.32;231.23;400.47;18697.18;;
13-07-2026 12:20:00;0;0;0;0;400.82;403.13;403.46;232.38;402.47;18697.18;;
13-07-2026 12:25:00;0;0;0;0;398.61;400.3;401.32;231;400.08;18697.18;;
13-07-2026 12:30:00;0;0;0;0;402.38;403.83;404.4;232.99;403.54;18697.18;;
13-07-2026 12:35:00;0;0;0;0;403.45;405.91;406.64;234.04;405.33;18697.18;;
13-07-2026 12:40:00;0;0;0;0;398.85;400.59;402.32;231.3;400.58;18697.18;;
13-07-2026 12:45:00;0;0;0;0;400.45;402.24;403.05;232.06;401.91;18697.18;;
13-07-2026 12:50:00;0;0;0;0;398.12;398.83;401.41;230.64;399.45;18697.18;;
13-07-2026 12:55:00;0;0;0;0;405.1;405.53;407.32;234.4;405.98;18697.18;;
13-07-2026 13:00:00;0;0;0;0;408.21;409.46;410.19;236.31;409.29;18697.18;;
13-07-2026 13:05:00;7.89;8.49;8.23;8.2;404.69;406.18;407.4;234.47;406.09;18697.27;;
13-07-2026 13:10:00;7.98;8.5;8.23;8.24;407.01;408.64;409.16;235.73;408.27;18697.38;;
13-07-2026 13:15:00;7.88;8.46;8.07;8.14;405.59;407.08;407.78;234.88;406.82;18697.49;;
13-07-2026 13:20:00;8.16;8.64;8.23;8.34;407.25;408.71;409.37;235.82;408.44;18697.6;;
13-07-2026 13:25:00;8.1;8.51;8.21;8.27;406.48;407.75;408.45;235.31;407.56;18697.71;;
13-07-2026 13:30:00;536.04;542.16;475.52;517.91;399.23;398.23;401;230.65;399.49;18724.51;;
13-07-2026 13:35:00;532.78;538.26;472.28;514.44;399.06;398.05;400.76;230.54;399.29;18753.73;;
13-07-2026 13:40:00;525.1;531.51;467.5;508.04;393.39;391.86;395.93;227.33;393.73;18783.02;;
13-07-2026 13:45:00;523.66;529.66;464.38;505.9;392.75;391.53;394.88;226.94;393.05;18811.92;;
13-07-2026 13:50:00;525.36;531.34;465.76;507.48;393.04;391.78;395.44;227.15;393.42;18840.4;;
13-07-2026 13:55:00;523.76;529.39;463.53;505.56;393.71;392.86;395.92;227.58;394.16;18869.1;;
13-07-2026 14:00:00;523.78;528.92;464.3;505.67;389.23;387.62;391.73;224.91;389.53;18897.62;;
13-07-2026 14:05:00;521.44;527.44;462.42;503.77;392.59;391.35;394.85;226.87;392.93;18925.3;;
13-07-2026 14:10:00;525.74;531.05;465.25;507.35;394.78;393.77;396.77;228.12;395.11;18953.44;;
13-07-2026 14:15:00;530.21;535.31;469.51;511.68;397.9;396.27;399.93;229.81;398.03;18982.44;;
13-07-2026 14:20:00;532.72;537.31;471.12;513.72;400.58;399.23;402.08;231.31;400.63;19012.29;;
13-07-2026 14:25:00;530.68;535.69;470.23;512.2;399.29;397.54;401.15;230.56;399.33;19041.84;;
13-07-2026 14:30:00;522.52;528.35;463.49;504.79;393.19;391.57;395.7;227.19;393.49;19070.78;;
13-07-2026 14:35:00;526.49;532.21;466.55;508.42;396.66;395.42;399.37;229.31;397.15;19098.81;;
13-07-2026 14:40:00;381.99;386.51;314.65;361.05;403.76;402.88;405.85;233.36;404.16;19125.88;;
13-07-2026 14:45:00;233.46;235.93;207.02;225.47;402.61;401.35;404.23;232.52;402.73;19150.35;;
13-07-2026 14:50:00;379.56;383.79;318.5;360.62;399.91;398.18;401.72;230.91;399.94;19174.17;;
13-07-2026 14:55:00;136.36;138.21;135.58;136.71;398.88;399.2;401.05;230.79;399.71;19196.98;;
13-07-2026 15:00:00;381.47;385.55;318.91;361.98;399.11;398.8;401.31;230.8;399.74;19218.62;;
13-07-2026 15:10:22;0;0;0;0;410.94;411.12;412.84;237.66;411.63;19235.95;;
13-07-2026 15:15:00;527.56;532.71;468.39;509.56;400.92;398.49;402.81;231.38;400.74;19254.39;;
13-07-2026 15:20:00;157.39;159.54;162.33;159.75;402.51;400.89;404.46;232.46;402.62;19276.81;;
13-07-2026 15:25:00;380.71;384.41;319.68;361.6;400.15;397.81;400.88;230.73;399.62;19296.29;;
13-07-2026 15:30:00;379.5;383.5;314.2;359.07;399.73;396.72;401.17;230.49;399.2;19315.56;;
13-07-2026 15:40:46;384.79;387.94;318.8;363.84;408.17;404.08;408.44;234.93;406.9;19356.04;;
13-07-2026 15:40:46;384.79;387.94;318.8;363.84;408.17;404.08;408.44;234.93;406.9;19356.04;;
13-07-2026 15:40:46;384.79;387.94;318.8;363.84;408.17;404.08;408.44;234.93;406.9;19356.04;;
13-07-2026 15:40:46;384.85;388.01;318.85;363.9;408.17;404.08;408.44;234.93;406.9;19356.04;;
13-07-2026 15:40:46;384.85;388.01;318.85;363.9;408.17;404.08;408.44;234.93;406.9;19356.04;;
13-07-2026 15:40:47;384.85;388.01;318.85;363.9;408.17;404.08;408.44;234.93;406.9;19356.04;;
13-07-2026 15:40:47;384.85;388.01;318.85;363.9;408.17;404.08;408.44;234.93;406.9;19356.04;;
13-07-2026 15:40:47;384.85;388.01;318.85;363.9;408.17;404.08;408.44;234.93;406.9;19356.04;;
13-07-2026 15:40:54;292.47;294.77;227.16;271.47;412.69;408.84;412.33;237.46;411.29;19356.71;;
13-07-2026 15:40:54;292.47;294.77;227.16;271.47;412.69;408.84;412.33;237.46;411.29;19356.71;;
13-07-2026 15:40:55;292.47;294.77;227.16;271.47;412.69;408.84;412.33;237.46;411.29;19356.71;;
13-07-2026 15:40:55;292.47;294.77;227.16;271.47;412.69;408.84;412.33;237.46;411.29;19356.71;;
13-07-2026 15:40:55;292.47;294.77;227.16;271.47;412.69;408.84;412.33;237.46;411.29;19356.71;;
13-07-2026 15:40:55;292.47;294.77;227.16;271.47;412.69;408.84;412.33;237.46;411.29;19356.71;;
13-07-2026 15:40:55;292.47;294.77;227.16;271.47;412.69;408.84;412.33;237.46;411.29;19356.71;;
13-07-2026 15:40:55;292.47;294.77;227.16;271.47;412.69;408.84;412.33;237.46;411.29;19356.71;;
13-07-2026 15:40:55;292.47;294.77;227.16;271.47;412.69;408.84;412.33;237.46;411.29;19356.71;;
13-07-2026 15:45:00;232.63;235.94;164.61;211.06;405.47;401.27;405.95;233.39;404.23;19371.48;;
13-07-2026 15:50:00;374.93;378.39;310.97;354.76;402.83;398.7;403.48;231.91;401.67;19389.7;;
13-07-2026 15:55:00;159.24;161.31;160.85;160.47;407.69;407.18;410.39;235.81;408.42;19405.97;;
13-07-2026 15:55:31;312.92;317.21;319.88;316.67;400.49;400.06;404.18;231.86;401.57;19407.66;;
13-07-2026 15:55:31;312.92;317.21;319.88;316.67;400.49;400.06;404.18;231.86;401.57;19407.66;;
13-07-2026 15:55:32;312.92;317.21;319.88;316.67;400.49;400.06;404.18;231.86;401.57;19407.66;;
13-07-2026 15:55:32;312.92;317.21;319.88;316.67;400.49;400.06;404.18;231.86;401.57;19407.66;;
13-07-2026 15:55:32;312.92;317.21;319.88;316.67;400.49;400.06;404.18;231.86;401.57;19407.66;;
13-07-2026 15:55:39;313.88;317.95;320.63;317.49;400.61;400.15;404.22;231.9;401.66;19407.9;;
13-07-2026 15:55:39;313.88;317.95;320.63;317.49;400.61;400.15;404.22;231.9;401.66;19408.21;;
13-07-2026 15:55:39;313.88;317.95;320.63;317.49;400.61;400.15;404.22;231.9;401.66;19408.21;;
13-07-2026 16:00:00;251.42;255.27;253.19;253.29;403.31;403.9;406.23;233.53;404.48;19420.32;;
13-07-2026 16:05:00;8.11;8.47;8.46;8.35;401.76;401.61;404.78;232.52;402.72;19434.33;;
13-07-2026 16:10:00;308.79;312.89;310.47;310.72;395.33;395.34;398.85;228.94;396.51;19448.17;;
13-07-2026 16:15:00;159.62;161.32;160.33;160.43;400.76;401.61;403.68;232.11;402.02;19461.58;;
13-07-2026 16:20:00;159.76;161.54;160.57;160.62;397.57;398.05;401.01;230.3;398.88;19475.12;;
13-07-2026 16:25:00;158.82;160.87;160.04;159.91;399.73;399.97;403.16;233.51;404.43;19487.95;;
13-07-2026 16:30:00;158.85;160.72;159.91;159.83;402.05;402.19;404.9;232.7;403.05;19500.78;;
13-07-2026 16:45:00;7.65;8.3;7.61;7.85;399.53;402.26;401.27;231.54;401.02;19518.76;;
13-07-2026 16:50:00;520.68;526.51;459.49;502.23;393.73;393.53;395.68;227.67;394.31;19528.62;;
13-07-2026 16:55:00;7.93;8.51;7.97;8.14;400.21;399.19;401.17;231.06;400.19;19534.56;;
13-07-2026 17:00:00;155.98;157.58;159.46;157.67;400.62;402.5;402.99;232.13;402.04;19542.84;;
13-07-2026 17:05:00;8.08;8.67;8.08;8.28;406.84;409.3;408.72;235.73;408.29;19550.49;;
13-07-2026 17:10:00;8.19;8.8;8.09;8.36;407.45;410.18;409.23;236.11;408.96;19559;;
